20, 0, 0, 0, 0, 0, 0, 0, 0, 1, 0, 0, 0, 0, 0, 0, 0, 
40, 0, 0, 0, 0, 0, 0, 0, 0.625, 0.125, 0.25, 0, 0, 0, 0, 0, 0, 
60, 0, 0, 0, 0, 0, 0, 0.466667, 0.116667, 0.25, 0.0833333, 0.0833333, 0, 0, 0, 0, 0, 
80, 0, 0, 0, 0, 0, 0.3625, 0.1125, 0.2125, 0.125, 0.125, 0.0375, 0.025, 0, 0, 0, 0, 
100, 0, 0, 0, 0, 0.3, 0.09, 0.19, 0.14, 0.13, 0.07, 0.06, 0.01, 0.01, 0, 0, 0, 
120, 0, 0, 0, 0.25, 0.0833333, 0.158333, 0.141667, 0.133333, 0.0833333, 0.0833333, 0.0333333, 0.025, 0.00833333, 0, 0, 0, 
140, 0, 0, 0.214286, 0.0714286, 0.142857, 0.128571, 0.128571, 0.0928571, 0.0928571, 0.05, 0.05, 0.0142857, 0.0142857, 0, 0, 0, 
160, 0, 0.1875, 0.0625, 0.125, 0.11875, 0.11875, 0.1, 0.09375, 0.0625, 0.0625, 0.03125, 0.025, 0.00625, 0.00625, 0, 0, 
180, 0.166667, 0.0555556, 0.111111, 0.111111, 0.105556, 0.1, 0.0944444, 0.0722222, 0.0666667, 0.0444444, 0.0388889, 0.0166667, 0.0111111, 0.00555556, 0, 0, 
200, 0.2, 0.1, 0.1, 0.1, 0.095, 0.09, 0.075, 0.075, 0.05, 0.05, 0.025, 0.025, 0.01, 0.005, 0, 0, 
220, 0.227273, 0.136364, 0.0909091, 0.0909091, 0.0863636, 0.0772727, 0.0727273, 0.0590909, 0.0545455, 0.0363636, 0.0318182, 0.0181818, 0.0136364, 0.00454545, 0, 0, 
240, 0.25, 0.145833, 0.104167, 0.0833333, 0.075, 0.075, 0.0625, 0.0583333, 0.0416667, 0.0416667, 0.025, 0.0208333, 0.00833333, 0.00833333, 0, 0, 
260, 0.261538, 0.161538, 0.107692, 0.0807692, 0.0730769, 0.0653846, 0.0615385, 0.0461538, 0.0461538, 0.0307692, 0.0307692, 0.0153846, 0.0115385, 0.00384615, 0.00384615, 0, 
280, 0.267857, 0.171429, 0.114286, 0.0821429, 0.0678571, 0.0642857, 0.05, 0.05, 0.0357143, 0.0357143, 0.0214286, 0.0214286, 0.00714286, 0.00714286, 0.00357143, 0, 
300, 0.273333, 0.176667, 0.12, 0.0833333, 0.07, 0.0533333, 0.0533333, 0.04, 0.04, 0.0266667, 0.0266667, 0.0133333, 0.0133333, 0.00666667, 0.00333333, 0, 
320, 0.275, 0.184375, 0.121875, 0.0875, 0.065625, 0.05625, 0.04375, 0.04375, 0.03125, 0.03125, 0.01875, 0.01875, 0.009375, 0.009375, 0.003125, 0, 
340, 0.276471, 0.185294, 0.129412, 0.0882353, 0.0676471, 0.05, 0.0470588, 0.0352941, 0.0352941, 0.0235294, 0.0235294, 0.0147059, 0.0117647, 0.00588235, 0.00588235, 0, 
360, 0.275, 0.191667, 0.127778, 0.0944444, 0.0638889, 0.0555556, 0.0388889, 0.0388889, 0.0277778, 0.0277778, 0.0194444, 0.0166667, 0.00833333, 0.00833333, 0.00277778, 0.00277778, 
380, 0.273684, 0.192105, 0.134211, 0.0921053, 0.0710526, 0.0473684, 0.0447368, 0.0315789, 0.0315789, 0.0236842, 0.0210526, 0.0131579, 0.0105263, 0.00526316, 0.00526316, 0.00263158, 
400, 0.2725, 0.1925, 0.135, 0.0975, 0.0675, 0.055, 0.0375, 0.035, 0.0275, 0.025, 0.0175, 0.015, 0.0075, 0.0075, 0.005, 0.0025, 
420, 0.269048, 0.195238, 0.138095, 0.0952381, 0.0738095, 0.05, 0.0428571, 0.0309524, 0.0285714, 0.0214286, 0.0190476, 0.0119048, 0.00952381, 0.00714286, 0.0047619, 0.00238095, 
440, 0.268182, 0.193182, 0.138636, 0.102273, 0.0681818, 0.0568182, 0.0386364, 0.0340909, 0.025, 0.0227273, 0.0159091, 0.0136364, 0.00909091, 0.00681818, 0.00454545, 0.00227273, 
460, 0.265217, 0.193478, 0.141304, 0.1, 0.076087, 0.05, 0.0434783, 0.0304348, 0.0282609, 0.0195652, 0.0173913, 0.0108696, 0.0108696, 0.00652174, 0.00434783, 0.00217391, 
480, 0.2625, 0.19375, 0.141667, 0.104167, 0.0708333, 0.0583333, 0.0375, 0.0354167, 0.0229167, 0.0229167, 0.0145833, 0.0125, 0.00833333, 0.00833333, 0.00416667, 0.00208333, 
500, 0.26, 0.194, 0.142, 0.102, 0.078, 0.052, 0.046, 0.028, 0.028, 0.018, 0.018, 0.01, 0.01, 0.006, 0.006, 0.002, 
520, 0.257692, 0.192308, 0.142308, 0.105769, 0.075, 0.0596154, 0.0384615, 0.0346154, 0.0230769, 0.0211538, 0.0134615, 0.0134615, 0.00769231, 0.00769231, 0.00384615, 0.00384615, 
540, 0.253704, 0.192593, 0.144444, 0.103704, 0.0796296, 0.0555556, 0.0444444, 0.0296296, 0.0277778, 0.0166667, 0.0166667, 0.0111111, 0.00925926, 0.00555556, 0.00555556, 0.0037037, 
560, 0.251786, 0.191071, 0.142857, 0.108929, 0.0767857, 0.0589286, 0.0410714, 0.0357143, 0.0214286, 0.0214286, 0.0142857, 0.0125, 0.00714286, 0.00714286, 0.00535714, 0.00357143, 
580, 0.248276, 0.191379, 0.144828, 0.105172, 0.0810345, 0.0568966, 0.0465517, 0.0293103, 0.0275862, 0.0172414, 0.0172414, 0.0103448, 0.00862069, 0.00689655, 0.00517241, 0.00344828, 
600, 0.246667, 0.19, 0.143333, 0.108333, 0.0783333, 0.0616667, 0.0416667, 0.0366667, 0.0216667, 0.0216667, 0.0133333, 0.0133333, 0.00833333, 0.00666667, 0.005, 0.00333333, 
620, 0.243548, 0.18871, 0.145161, 0.106452, 0.0822581, 0.0580645, 0.0483871, 0.0306452, 0.0274194, 0.0177419, 0.016129, 0.0112903, 0.00967742, 0.00645161, 0.00483871, 0.00322581, 
640, 0.240625, 0.189063, 0.142188, 0.110937, 0.0796875, 0.0625, 0.04375, 0.0359375, 0.0234375, 0.021875, 0.0140625, 0.0125, 0.0078125, 0.0078125, 0.0046875, 0.003125, 
660, 0.239394, 0.184848, 0.145455, 0.107576, 0.0848485, 0.0590909, 0.0484848, 0.0318182, 0.0287879, 0.0181818, 0.0166667, 0.0106061, 0.00909091, 0.00606061, 0.00606061, 0.0030303, 
680, 0.235294, 0.186765, 0.142647, 0.111765, 0.0808824, 0.0647059, 0.0441176, 0.0367647, 0.025, 0.0220588, 0.0132353, 0.0132353, 0.00735294, 0.00735294, 0.00441176, 0.00441176, 
700, 0.234286, 0.182857, 0.145714, 0.108571, 0.0857143, 0.06, 0.05, 0.0328571, 0.0285714, 0.0185714, 0.0171429, 0.01, 0.01, 0.00571429, 0.00571429, 0.00428571, 
720, 0.230556, 0.184722, 0.141667, 0.1125, 0.0819444, 0.0666667, 0.0444444, 0.0388889, 0.025, 0.0222222, 0.0138889, 0.0125, 0.00833333, 0.00694444, 0.00555556, 0.00416667, 
740, 0.22973, 0.181081, 0.144595, 0.108108, 0.0878378, 0.0608108, 0.0513513, 0.0337838, 0.0297297, 0.0189189, 0.0175676, 0.0108108, 0.00945946, 0.00675676, 0.00540541, 0.00405405, 
760, 0.226316, 0.182895, 0.140789, 0.113158, 0.0815789, 0.0684211, 0.0460526, 0.0394737, 0.025, 0.0236842, 0.0144737, 0.0131579, 0.00789474, 0.00789474, 0.00526316, 0.00394737, 
780, 0.225641, 0.178205, 0.144872, 0.107692, 0.0884615, 0.0628205, 0.0525641, 0.0346154, 0.0307692, 0.0192308, 0.0179487, 0.0102564, 0.0102564, 0.00641026, 0.00641026, 0.00384615, 
800, 0.2225, 0.18, 0.14, 0.11375, 0.0825, 0.06875, 0.0475, 0.04125, 0.02625, 0.02375, 0.01375, 0.01375, 0.00875, 0.0075, 0.005, 0.005, 
820, 0.220732, 0.176829, 0.143902, 0.108537, 0.0890244, 0.0634146, 0.0536585, 0.0353659, 0.0317073, 0.0195122, 0.0182927, 0.0109756, 0.0109756, 0.00609756, 0.00609756, 0.00487805, 
840, 0.217857, 0.178571, 0.139286, 0.113095, 0.0845238, 0.0690476, 0.0488095, 0.0416667, 0.0261905, 0.025, 0.0142857, 0.0142857, 0.00833333, 0.00833333, 0.00595238, 0.0047619, 
860, 0.217442, 0.174419, 0.14186, 0.109302, 0.0895349, 0.0651163, 0.0534884, 0.0372093, 0.0325581, 0.0197674, 0.0186047, 0.0116279, 0.0104651, 0.00697674, 0.00697674, 0.00465116, 
880, 0.214773, 0.175, 0.138636, 0.113636, 0.0852273, 0.0693182, 0.05, 0.0420455, 0.0284091, 0.025, 0.0147727, 0.0147727, 0.00909091, 0.00795455, 0.00568182, 0.00568182, 
900, 0.213333, 0.172222, 0.141111, 0.11, 0.0888889, 0.0666667, 0.0544444, 0.0377778, 0.0333333, 0.0211111, 0.0188889, 0.0122222, 0.0111111, 0.00666667, 0.00666667, 0.00555556, 
920, 0.21087, 0.172826, 0.138043, 0.113043, 0.0858696, 0.0706522, 0.051087, 0.0423913, 0.0293478, 0.025, 0.0163043, 0.0152174, 0.00869565, 0.00869565, 0.00652174, 0.00543478, 
940, 0.209574, 0.170213, 0.140426, 0.109574, 0.0893617, 0.0670213, 0.0553191, 0.0393617, 0.0329787, 0.0223404, 0.0202128, 0.0117021, 0.0117021, 0.00744681, 0.00744681, 0.00531915, 
960, 0.207292, 0.170833, 0.1375, 0.1125, 0.0864583, 0.0708333, 0.0520833, 0.0427083, 0.0302083, 0.0260417, 0.0166667, 0.015625, 0.009375, 0.009375, 0.00625, 0.00625, 
980, 0.206122, 0.168367, 0.138776, 0.110204, 0.0897959, 0.0673469, 0.0561224, 0.0397959, 0.0336735, 0.0234694, 0.0204082, 0.0122449, 0.0122449, 0.00816326, 0.00714286, 0.00612245, 
1000, 0.204, 0.169, 0.136, 0.112, 0.087, 0.072, 0.052, 0.044, 0.031, 0.027, 0.017, 0.016, 0.01, 0.01, 0.007, 0.006, 
1020, 0.202941, 0.166667, 0.137255, 0.109804, 0.0901961, 0.0676471, 0.0568627, 0.0411765, 0.0343137, 0.0235294, 0.0215686, 0.0127451, 0.0127451, 0.00882353, 0.00784314, 0.00588235, 
1040, 0.200962, 0.166346, 0.135577, 0.111538, 0.0875, 0.0721154, 0.0528846, 0.0451923, 0.0317308, 0.0269231, 0.0182692, 0.0163462, 0.0105769, 0.0105769, 0.00673077, 0.00673077, 
1060, 0.199057, 0.165094, 0.136792, 0.109434, 0.0896226, 0.0688679, 0.0575472, 0.0415094, 0.0358491, 0.0245283, 0.0207547, 0.0141509, 0.0132075, 0.00849057, 0.00849057, 0.00660377, 
1080, 0.197222, 0.164815, 0.135185, 0.111111, 0.087037, 0.0722222, 0.0546296, 0.0453704, 0.0324074, 0.0277778, 0.0194444, 0.0166667, 0.0111111, 0.0101852, 0.00740741, 0.00740741, 
1100, 0.196364, 0.162727, 0.135455, 0.109091, 0.09, 0.07, 0.0572727, 0.0427273, 0.0363636, 0.0254545, 0.0218182, 0.0145455, 0.0136364, 0.00909091, 0.00818182, 0.00727273, 
1120, 0.194643, 0.1625, 0.133929, 0.110714, 0.0875, 0.0723214, 0.0553571, 0.0464286, 0.0330357, 0.0285714, 0.0196429, 0.0178571, 0.0116071, 0.0107143, 0.00803571, 0.00714286, 
1140, 0.192982, 0.161404, 0.134211, 0.108772, 0.0903509, 0.0701754, 0.0578947, 0.0438596, 0.0368421, 0.0254386, 0.022807, 0.0157895, 0.0140351, 0.00964912, 0.00877193, 0.00701754, 
1160, 0.191379, 0.161207, 0.132759, 0.110345, 0.087931, 0.0724138, 0.0560345, 0.0465517, 0.0344828, 0.0293103, 0.0198276, 0.0181034, 0.012931, 0.0112069, 0.00775862, 0.00775862, 
1180, 0.190678, 0.159322, 0.133051, 0.108475, 0.0898305, 0.0711864, 0.0584746, 0.0440678, 0.0372881, 0.0271186, 0.0228814, 0.0161017, 0.0144068, 0.0101695, 0.00932203, 0.00762712, 
1200, 0.189167, 0.159167, 0.131667, 0.109167, 0.0883333, 0.0733333, 0.0566667, 0.0466667, 0.035, 0.03, 0.0208333, 0.0183333, 0.0133333, 0.0116667, 0.00833333, 0.00833333, 
1220, 0.187705, 0.158197, 0.131967, 0.108197, 0.0893443, 0.0713115, 0.0590164, 0.045082, 0.0377049, 0.0278689, 0.0237705, 0.0163934, 0.0147541, 0.0106557, 0.00983607, 0.00819672, 
1240, 0.18629, 0.157258, 0.131452, 0.108871, 0.0879032, 0.0733871, 0.0572581, 0.0475806, 0.0354839, 0.0306452, 0.0217742, 0.0185484, 0.0137097, 0.0120968, 0.00887097, 0.00887097, 
1260, 0.184921, 0.156349, 0.130952, 0.107937, 0.0896825, 0.0714286, 0.0595238, 0.0460317, 0.0380952, 0.0285714, 0.0238095, 0.0174603, 0.0150794, 0.0111111, 0.0103175, 0.00873016, 
1280, 0.183594, 0.155469, 0.130469, 0.108594, 0.0882813, 0.0734375, 0.0578125, 0.0476562, 0.0367187, 0.0304688, 0.0226563, 0.0195312, 0.0140625, 0.0125, 0.009375, 0.009375, 
1300, 0.182308, 0.154615, 0.13, 0.107692, 0.09, 0.0715385, 0.06, 0.0461538, 0.0384615, 0.0292308, 0.0246154, 0.0184615, 0.0153846, 0.0115385, 0.0107692, 0.00923077, 
1320, 0.181061, 0.153788, 0.129545, 0.108333, 0.0878788, 0.0742424, 0.0575758, 0.0484848, 0.0371212, 0.0310606, 0.0234848, 0.019697, 0.0151515, 0.0128788, 0.00984848, 0.00984848, 
1340, 0.179851, 0.152985, 0.129104, 0.107463, 0.0895522, 0.0716418, 0.0604478, 0.0470149, 0.038806, 0.0298507, 0.0253731, 0.0186567, 0.0164179, 0.0119403, 0.011194, 0.00970149, 
1360, 0.178676, 0.152206, 0.128676, 0.107353, 0.0882353, 0.0742647, 0.0580882, 0.0492647, 0.0375, 0.0316176, 0.0242647, 0.0205882, 0.0147059, 0.0139706, 0.0102941, 0.0102941, 
1380, 0.177536, 0.151449, 0.128261, 0.106522, 0.0898551, 0.0717391, 0.0608696, 0.0471014, 0.0398551, 0.0304348, 0.026087, 0.0188406, 0.0173913, 0.0123188, 0.0115942, 0.0101449, 
1400, 0.176429, 0.150714, 0.127143, 0.107857, 0.0878571, 0.0742857, 0.0585714, 0.0492857, 0.0385714, 0.0321429, 0.0242857, 0.0214286, 0.0157143, 0.0142857, 0.0107143, 0.0107143, 
1420, 0.175352, 0.15, 0.127465, 0.105634, 0.0901408, 0.071831, 0.0612676, 0.0478873, 0.0401408, 0.0309859, 0.0260563, 0.0197183, 0.0176056, 0.0133803, 0.0119718, 0.0105634, 
1440, 0.174306, 0.149306, 0.126389, 0.106944, 0.0875, 0.075, 0.0590278, 0.05, 0.0388889, 0.0326389, 0.025, 0.0215278, 0.0159722, 0.0145833, 0.0118056, 0.0111111, 
1460, 0.173288, 0.14863, 0.126027, 0.105479, 0.089726, 0.0726027, 0.0616438, 0.0479452, 0.0410959, 0.0315068, 0.0267123, 0.019863, 0.0178082, 0.0136986, 0.0130137, 0.0109589, 
1480, 0.172297, 0.147973, 0.125, 0.106757, 0.0878378, 0.0743243, 0.0594595, 0.0506757, 0.0391892, 0.0337838, 0.025, 0.0222973, 0.0162162, 0.0155405, 0.0121622, 0.0114865, 
1500, 0.171333, 0.146667, 0.126, 0.104667, 0.0893333, 0.0726667, 0.062, 0.0486667, 0.0413333, 0.032, 0.0273333, 0.0206667, 0.0186667, 0.014, 0.0133333, 0.0113333, 
1520, 0.170395, 0.146711, 0.123684, 0.106579, 0.0875, 0.0743421, 0.0598684, 0.0513158, 0.0394737, 0.0342105, 0.0256579, 0.0230263, 0.0171053, 0.0157895, 0.0125, 0.0118421, 
1540, 0.169481, 0.145455, 0.124675, 0.104545, 0.088961, 0.0727273, 0.0623377, 0.0487013, 0.0422078, 0.0324675, 0.0279221, 0.0214286, 0.0188312, 0.0149351, 0.0136364, 0.0116883, 
1560, 0.16859, 0.144872, 0.123718, 0.105128, 0.0878205, 0.074359, 0.0602564, 0.0512821, 0.0403846, 0.0346154, 0.0262821, 0.0230769, 0.0179487, 0.0160256, 0.0134615, 0.0121795, 
1580, 0.167722, 0.144304, 0.123418, 0.10443, 0.0886076, 0.0727848, 0.0620253, 0.05, 0.0424051, 0.0329114, 0.028481, 0.021519, 0.0196203, 0.0151899, 0.0139241, 0.0126582, 
1600, 0.166875, 0.14375, 0.1225, 0.105, 0.0875, 0.074375, 0.060625, 0.05125, 0.04125, 0.035, 0.026875, 0.02375, 0.018125, 0.01625, 0.01375, 0.013125, 
1620, 0.166049, 0.142593, 0.12284, 0.103704, 0.0888889, 0.0728395, 0.0623457, 0.05, 0.0425926, 0.0339506, 0.0290123, 0.0222222, 0.0197531, 0.0154321, 0.0148148, 0.012963, 
1640, 0.164634, 0.142683, 0.121951, 0.104268, 0.0871951, 0.075, 0.0603659, 0.0518293, 0.0414634, 0.0353659, 0.0280488, 0.0237805, 0.0189024, 0.0170732, 0.0140244, 0.0134146, 
1660, 0.163855, 0.141566, 0.122289, 0.103012, 0.0885542, 0.0728916, 0.0626506, 0.0506024, 0.0427711, 0.0343373, 0.0295181, 0.0228916, 0.0204819, 0.0162651, 0.0150602, 0.013253, 
1680, 0.163095, 0.141071, 0.120833, 0.104167, 0.0869048, 0.075, 0.0607143, 0.052381, 0.0416667, 0.0357143, 0.0285714, 0.0244048, 0.0196429, 0.0172619, 0.014881, 0.0136905, 
1700, 0.162353, 0.14, 0.121176, 0.102941, 0.0882353, 0.0729412, 0.0629412, 0.0505882, 0.0435294, 0.0347059, 0.03, 0.0235294, 0.0205882, 0.0170588, 0.0152941, 0.0141176, 
1720, 0.161047, 0.140116, 0.120349, 0.103488, 0.0866279, 0.075, 0.0610465, 0.0523256, 0.0424419, 0.0360465, 0.0290698, 0.025, 0.0197674, 0.0180233, 0.0151163, 0.0145349, 
1740, 0.160345, 0.13908, 0.12069, 0.102299, 0.087931, 0.0729885, 0.0632184, 0.0511494, 0.0436782, 0.0350575, 0.0304598, 0.0241379, 0.0212644, 0.0172414, 0.016092, 0.0143678, 
1760, 0.159659, 0.138636, 0.119318, 0.103409, 0.0863636, 0.075, 0.0613636, 0.0528409, 0.0426136, 0.0363636, 0.0295455, 0.0255682, 0.0204545, 0.0181818, 0.0159091, 0.0147727, 
1780, 0.158989, 0.13764, 0.119663, 0.101685, 0.0882022, 0.0730337, 0.0634831, 0.0511236, 0.044382, 0.0353933, 0.0308989, 0.0247191, 0.0213483, 0.0179775, 0.0162921, 0.0151685, 
1800, 0.157778, 0.137778, 0.118333, 0.102778, 0.0866667, 0.075, 0.0611111, 0.0533333, 0.0427778, 0.0372222, 0.03, 0.0255556, 0.0211111, 0.0188889, 0.0161111, 0.0155556, 
1820, 0.157143, 0.136813, 0.118681, 0.101648, 0.0879121, 0.0730769, 0.0631868, 0.0516484, 0.0445055, 0.0362637, 0.0307692, 0.0252747, 0.021978, 0.0186813, 0.017033, 0.0153846, 
1840, 0.156522, 0.136413, 0.117935, 0.102174, 0.086413, 0.0744565, 0.0619565, 0.0532609, 0.0434783, 0.0369565, 0.0304348, 0.026087, 0.0217391, 0.0195652, 0.0168478, 0.0157609, 
1860, 0.155914, 0.135484, 0.11828, 0.101075, 0.0870968, 0.0736559, 0.0629032, 0.0521505, 0.0446237, 0.0365591, 0.0311828, 0.0258065, 0.0225806, 0.0193548, 0.0172043, 0.016129, 
1880, 0.154787, 0.135638, 0.117021, 0.101596, 0.0867021, 0.0739362, 0.062234, 0.0531915, 0.0441489, 0.037234, 0.0308511, 0.0265957, 0.0223404, 0.0196809, 0.0175532, 0.0164894, 
1900, 0.154211, 0.134737, 0.117368, 0.100526, 0.0868421, 0.0736842, 0.0631579, 0.0526316, 0.0447368, 0.0368421, 0.0315789, 0.0263158, 0.0231579, 0.0194737, 0.0178947, 0.0168421, 
1920, 0.153646, 0.134375, 0.116146, 0.101042, 0.0864583, 0.0739583, 0.0625, 0.0536458, 0.0442708, 0.0375, 0.03125, 0.0270833, 0.0229167, 0.0203125, 0.0177083, 0.0171875, 
1940, 0.153093, 0.133505, 0.116495, 0.1, 0.0865979, 0.0737113, 0.0634021, 0.0525773, 0.0453608, 0.0371134, 0.0319588, 0.0268041, 0.0237113, 0.0201031, 0.0185567, 0.0170103, 
1960, 0.152041, 0.133673, 0.115306, 0.10051, 0.0862245, 0.0739796, 0.0627551, 0.0535714, 0.0443878, 0.0382653, 0.0316327, 0.027551, 0.0234694, 0.0209184, 0.0183673, 0.0173469, 
1980, 0.151515, 0.132323, 0.116162, 0.0994949, 0.0863636, 0.0737374, 0.0631313, 0.0530303, 0.0454545, 0.0378788, 0.0323232, 0.0272727, 0.0242424, 0.0207071, 0.0186869, 0.0176768, 
2000, 0.1505, 0.1325, 0.115, 0.1, 0.086, 0.074, 0.0625, 0.054, 0.045, 0.0385, 0.032, 0.028, 0.024, 0.021, 0.019, 0.018, 
2020, 0.15, 0.131683, 0.114851, 0.0995049, 0.0861386, 0.0737624, 0.0633663, 0.0529703, 0.0460396, 0.0381188, 0.0326733, 0.0277228, 0.0242574, 0.0212871, 0.0193069, 0.0183168, 
2040, 0.14951, 0.130882, 0.114706, 0.0995098, 0.0857843, 0.0740196, 0.0627451, 0.0539216, 0.045098, 0.0392157, 0.0323529, 0.0284314, 0.0240196, 0.0215686, 0.0196078, 0.0186275, 
2060, 0.148544, 0.131068, 0.114078, 0.0990291, 0.0859223, 0.0737864, 0.0631068, 0.0533981, 0.0461165, 0.0383495, 0.0334951, 0.0281553, 0.0247573, 0.0213592, 0.0199029, 0.018932, 
2080, 0.148077, 0.130288, 0.113942, 0.0990385, 0.0855769, 0.0735577, 0.0629808, 0.0543269, 0.0451923, 0.0394231, 0.0331731, 0.0288462, 0.0245192, 0.0221154, 0.0197115, 0.0192308, 
2100, 0.147619, 0.129524, 0.11381, 0.0985714, 0.0857143, 0.0733333, 0.0633333, 0.0538095, 0.0461905, 0.0390476, 0.0338095, 0.0285714, 0.0252381, 0.0219048, 0.0204762, 0.0190476, 
2120, 0.146698, 0.129717, 0.112736, 0.0990566, 0.0849057, 0.0740566, 0.0627358, 0.0542453, 0.0462264, 0.0396226, 0.0334906, 0.0292453, 0.025, 0.0226415, 0.020283, 0.0193396, 
2140, 0.146262, 0.128505, 0.113551, 0.0976636, 0.0859813, 0.0728972, 0.0635514, 0.0542056, 0.0462617, 0.0397196, 0.0341121, 0.028972, 0.0257009, 0.0224299, 0.0205607, 0.0196262, 
2160, 0.14537, 0.128704, 0.112037, 0.0990741, 0.0842593, 0.0740741, 0.062963, 0.0546296, 0.0462963, 0.0398148, 0.0342593, 0.0296296, 0.025463, 0.0226852, 0.0208333, 0.0199074, 
2180, 0.144954, 0.127523, 0.112844, 0.0972477, 0.0857798, 0.0729358, 0.0637615, 0.0541284, 0.046789, 0.0399083, 0.0344037, 0.0298165, 0.0256881, 0.0229358, 0.0211009, 0.0201835, 
2200, 0.144091, 0.127727, 0.111364, 0.0986364, 0.0840909, 0.0740909, 0.0631818, 0.0545455, 0.0468182, 0.04, 0.0345455, 0.03, 0.0259091, 0.0231818, 0.0213636, 0.0204545, 
2220, 0.143694, 0.126577, 0.112162, 0.0968468, 0.0855856, 0.072973, 0.063964, 0.0545045, 0.0468468, 0.0400901, 0.0346847, 0.0301802, 0.0261261, 0.0234234, 0.0216216, 0.0207207, 
2240, 0.142857, 0.126786, 0.110714, 0.0982143, 0.0839286, 0.0741071, 0.0633929, 0.0549107, 0.046875, 0.0401786, 0.0348214, 0.0303571, 0.0263393, 0.0236607, 0.021875, 0.0209821, 
2260, 0.142478, 0.125664, 0.111504, 0.0964602, 0.0853982, 0.0730089, 0.0641593, 0.0544248, 0.0473451, 0.0402655, 0.0349558, 0.030531, 0.0265487, 0.0238938, 0.0221239, 0.0212389, 
2280, 0.141667, 0.125877, 0.110088, 0.097807, 0.0837719, 0.0741228, 0.0631579, 0.0552632, 0.0469298, 0.0407895, 0.0350877, 0.0307018, 0.0267544, 0.0241228, 0.0223684, 0.0214912, 
2300, 0.141304, 0.124783, 0.11087, 0.096087, 0.0852174, 0.0730435, 0.063913, 0.0547826, 0.0473913, 0.0408696, 0.0352174, 0.0308696, 0.0269565, 0.0243478, 0.0226087, 0.0217391, 
2320, 0.140517, 0.125, 0.109483, 0.0974138, 0.0836207, 0.0741379, 0.0633621, 0.0551724, 0.0474138, 0.0409483, 0.0353448, 0.0310345, 0.0271552, 0.024569, 0.0228448, 0.0219828, 
2340, 0.140171, 0.123932, 0.110256, 0.0957265, 0.0850427, 0.0730769, 0.0641026, 0.0547009, 0.0478632, 0.0410256, 0.0354701, 0.0311966, 0.0273504, 0.0247863, 0.0230769, 0.0222222, 
2360, 0.139407, 0.124153, 0.108898, 0.0970339, 0.0834746, 0.0741525, 0.0631356, 0.0555085, 0.0474576, 0.0415254, 0.0355932, 0.0313559, 0.0275424, 0.025, 0.0233051, 0.0224576, 
2380, 0.139076, 0.123109, 0.109664, 0.0953782, 0.084874, 0.0726891, 0.0642857, 0.055042, 0.0478992, 0.0411765, 0.0361345, 0.0315126, 0.0277311, 0.0252101, 0.0235294, 0.0226891, 
2400, 0.138333, 0.123333, 0.108333, 0.0966667, 0.0833333, 0.07375, 0.0633333, 0.0558333, 0.0475, 0.0416667, 0.03625, 0.0316667, 0.0279167, 0.0254167, 0.02375, 0.0229167, 
2420, 0.138017, 0.122314, 0.109091, 0.0950413, 0.0847107, 0.0727273, 0.0640496, 0.0549587, 0.0483471, 0.0417355, 0.0363636, 0.0318182, 0.0280992, 0.0256198, 0.0239669, 0.0231405, 
2440, 0.137295, 0.122541, 0.107787, 0.0963115, 0.0831967, 0.0737705, 0.0631148, 0.0557377, 0.0479508, 0.0422131, 0.0364754, 0.0319672, 0.0282787, 0.0258197, 0.0241803, 0.0233607, 
2460, 0.136992, 0.121545, 0.108537, 0.0947154, 0.0845528, 0.0723577, 0.0642276, 0.0552846, 0.048374, 0.0418699, 0.0369919, 0.0321138, 0.0284553, 0.0260163, 0.0243902, 0.0235772, 
2480, 0.13629, 0.121774, 0.107258, 0.0959677, 0.0826613, 0.0737903, 0.0633065, 0.0560484, 0.0479839, 0.0423387, 0.0366935, 0.0326613, 0.028629, 0.0262097, 0.0245968, 0.0237903, 
2500, 0.136, 0.1208, 0.108, 0.0944, 0.084, 0.0724, 0.0644, 0.0552, 0.0488, 0.042, 0.0372, 0.0324, 0.0292, 0.0264, 0.0248, 0.024, 
2520, 0.135317, 0.121032, 0.106746, 0.0952381, 0.0829365, 0.0734127, 0.0634921, 0.0559524, 0.0484127, 0.0424603, 0.0369048, 0.0329365, 0.0293651, 0.0265873, 0.025, 0.0242063, 
2540, 0.135039, 0.120079, 0.10748, 0.0940945, 0.0834646, 0.0728346, 0.0641732, 0.0555118, 0.0488189, 0.042126, 0.0374016, 0.0330709, 0.0295276, 0.0267717, 0.0251969, 0.0244094, 
2560, 0.134375, 0.120312, 0.10625, 0.0949219, 0.0828125, 0.0730469, 0.0636719, 0.05625, 0.0484375, 0.0425781, 0.0375, 0.0332031, 0.0296875, 0.0269531, 0.0253906, 0.0246094, 
2580, 0.134109, 0.11938, 0.106977, 0.0937985, 0.0833333, 0.0724806, 0.0643411, 0.0554264, 0.0492248, 0.0426357, 0.0375969, 0.0333333, 0.029845, 0.0271318, 0.0255814, 0.0248062, 
2600, 0.133462, 0.119615, 0.105769, 0.0946154, 0.0823077, 0.0734615, 0.0634615, 0.0561538, 0.0488462, 0.0430769, 0.0376923, 0.0334615, 0.03, 0.0273077, 0.0257692, 0.025, 
2620, 0.133206, 0.118702, 0.106489, 0.0931298, 0.0835878, 0.0721374, 0.0645038, 0.0557252, 0.0492366, 0.0427481, 0.0381679, 0.0335878, 0.0301527, 0.0274809, 0.0259542, 0.0251908, 
2640, 0.132576, 0.118939, 0.105303, 0.0943182, 0.0818182, 0.0734848, 0.0636364, 0.0564394, 0.0488636, 0.0431818, 0.0378788, 0.0340909, 0.030303, 0.0276515, 0.0261364, 0.0253788, 
2660, 0.132331, 0.118045, 0.106015, 0.0928571, 0.0830827, 0.0721804, 0.0646617, 0.0556391, 0.0496241, 0.0428571, 0.0383459, 0.0338346, 0.0308271, 0.0278195, 0.0263158, 0.0255639, 
2680, 0.131716, 0.118284, 0.104851, 0.0936567, 0.0820896, 0.0731343, 0.0634328, 0.0567164, 0.0488806, 0.0436567, 0.0380597, 0.0343284, 0.030597, 0.0283582, 0.0264925, 0.0257463, 
2700, 0.131481, 0.117407, 0.105185, 0.092963, 0.0825926, 0.0722222, 0.0644444, 0.0559259, 0.0496296, 0.0433333, 0.0385185, 0.0340741, 0.0311111, 0.0285185, 0.0266667, 0.0259259, 
2720, 0.130882, 0.117647, 0.104412, 0.0930147, 0.0819853, 0.0731618, 0.0636029, 0.0566176, 0.0492647, 0.04375, 0.0382353, 0.0345588, 0.03125, 0.0286765, 0.0268382, 0.0261029, 
2740, 0.130657, 0.116788, 0.104745, 0.0923358, 0.0824817, 0.0722628, 0.0645985, 0.0558394, 0.05, 0.0434307, 0.0386861, 0.0346715, 0.0313869, 0.0288321, 0.0270073, 0.0262774, 
2760, 0.130072, 0.117029, 0.103623, 0.0931159, 0.0815217, 0.0731884, 0.0634058, 0.0568841, 0.0492754, 0.0442029, 0.0387681, 0.0347826, 0.0315217, 0.0289855, 0.0271739, 0.0264493, 
2780, 0.129856, 0.116187, 0.104317, 0.0917266, 0.0827338, 0.0719424, 0.0643885, 0.0561151, 0.05, 0.0438849, 0.0392086, 0.0348921, 0.0316547, 0.0291367, 0.0273381, 0.0266187, 
2800, 0.129286, 0.116429, 0.103214, 0.0928571, 0.0810714, 0.0732143, 0.0635714, 0.0567857, 0.0496429, 0.0442857, 0.0389286, 0.0353571, 0.0317857, 0.0292857, 0.0275, 0.0267857, 
2820, 0.129078, 0.115603, 0.103901, 0.0914894, 0.0822695, 0.0719858, 0.064539, 0.0560284, 0.0503546, 0.0439716, 0.0393617, 0.0351064, 0.0322695, 0.0294326, 0.0276596, 0.0269504, 
2840, 0.128521, 0.115845, 0.102817, 0.0922535, 0.081338, 0.0728873, 0.0633803, 0.0570423, 0.0496479, 0.0447183, 0.0390845, 0.0355634, 0.0320423, 0.0299296, 0.0278169, 0.0271127, 
2860, 0.128322, 0.115035, 0.103147, 0.0916084, 0.0818182, 0.072028, 0.0643357, 0.0562937, 0.0503496, 0.0440559, 0.0398601, 0.0353147, 0.0325175, 0.0297203, 0.0283217, 0.0272727, 
2880, 0.127778, 0.114931, 0.102778, 0.0916667, 0.08125, 0.0725694, 0.0638889, 0.0569444, 0.0496528, 0.0447917, 0.0395833, 0.0357639, 0.0322917, 0.0302083, 0.0284722, 0.0274306, 
2900, 0.127586, 0.114483, 0.102414, 0.0913793, 0.0817241, 0.072069, 0.0641379, 0.0565517, 0.0503448, 0.0444828, 0.04, 0.0355172, 0.0327586, 0.0303448, 0.0286207, 0.0275862, 
2920, 0.127055, 0.114384, 0.102055, 0.0914384, 0.0811644, 0.0726027, 0.0636986, 0.0568493, 0.0503425, 0.044863, 0.039726, 0.0359589, 0.0328767, 0.0304795, 0.0287671, 0.0277397, 
2940, 0.126871, 0.113605, 0.102381, 0.0908163, 0.0816327, 0.0717687, 0.0642857, 0.0568027, 0.0503401, 0.044898, 0.0401361, 0.0360544, 0.0329932, 0.0306122, 0.0289116, 0.0278912, 
2960, 0.126351, 0.113851, 0.101351, 0.0915541, 0.0807432, 0.0722973, 0.0638513, 0.0570946, 0.0503378, 0.0449324, 0.0402027, 0.0364865, 0.0331081, 0.0307432, 0.0290541, 0.0280405, 
2980, 0.126174, 0.113087, 0.102013, 0.0902685, 0.0815436, 0.0718121, 0.064094, 0.0567114, 0.0506711, 0.0449664, 0.040604, 0.0362416, 0.033557, 0.0308725, 0.0291946, 0.0281879, 
3000, 0.125667, 0.113333, 0.101, 0.091, 0.0806667, 0.0723333, 0.0636667, 0.057, 0.0506667, 0.0453333, 0.0403333, 0.0366667, 0.0333333, 0.0313333, 0.0293333, 0.0283333, 
3020, 0.125497, 0.112583, 0.101325, 0.0903974, 0.0811258, 0.0715232, 0.0642384, 0.0569536, 0.0506623, 0.0453642, 0.0407285, 0.0364238, 0.0337748, 0.0311258, 0.0298013, 0.0284768, 
3040, 0.125, 0.1125, 0.100987, 0.0904605, 0.0805921, 0.0720395, 0.0638158, 0.0572368, 0.0506579, 0.0453947, 0.0407895, 0.0368421, 0.0335526, 0.0315789, 0.0296053, 0.0289474, 
3060, 0.12451, 0.112418, 0.100654, 0.0901961, 0.080719, 0.0718954, 0.0640523, 0.0568627, 0.0509804, 0.0454248, 0.0408497, 0.0369281, 0.0339869, 0.0313726, 0.0300654, 0.029085, 
3080, 0.124351, 0.111688, 0.100649, 0.0902597, 0.0805195, 0.0717532, 0.063961, 0.0571429, 0.050974, 0.0454545, 0.0409091, 0.0373377, 0.0337662, 0.0318182, 0.0301948, 0.0292208, 
3100, 0.123871, 0.111613, 0.100323, 0.09, 0.0806452, 0.0716129, 0.0641935, 0.0570968, 0.0509677, 0.0454839, 0.0412903, 0.0370968, 0.0341935, 0.0319355, 0.0303226, 0.0293548, 
3120, 0.123397, 0.111538, 0.1, 0.0900641, 0.0801282, 0.0721154, 0.0637821, 0.0573718, 0.0509615, 0.0458333, 0.0410256, 0.0375, 0.0342949, 0.0320513, 0.0304487, 0.0294872, 
3140, 0.123248, 0.110828, 0.100318, 0.0894904, 0.0805732, 0.0713376, 0.0643312, 0.0570064, 0.0512739, 0.0458599, 0.0414013, 0.0372611, 0.0347134, 0.0321656, 0.0305732, 0.0296178, 
3160, 0.122785, 0.111076, 0.0993671, 0.0898734, 0.0800633, 0.0718354, 0.0639241, 0.0572785, 0.0512658, 0.0458861, 0.0414557, 0.0376582, 0.0344937, 0.0325949, 0.0306962, 0.0297468, 
3180, 0.122642, 0.110377, 0.0996855, 0.0893082, 0.0801887, 0.0716981, 0.0641509, 0.0572327, 0.0512579, 0.0459119, 0.0415094, 0.0377358, 0.0349057, 0.0323899, 0.0311321, 0.0298742, 
3200, 0.122188, 0.110312, 0.099375, 0.089375, 0.08, 0.0715625, 0.0640625, 0.0575, 0.05125, 0.0459375, 0.0415625, 0.038125, 0.0346875, 0.0328125, 0.0309375, 0.0303125, 
3220, 0.121739, 0.110248, 0.0990683, 0.0891304, 0.0801242, 0.0714286, 0.0642857, 0.0571429, 0.0515528, 0.0459627, 0.0419255, 0.0378882, 0.0350932, 0.0326087, 0.0313665, 0.0304348, 
3240, 0.121605, 0.109568, 0.0990741, 0.0891975, 0.0796296, 0.0719136, 0.0638889, 0.0574074, 0.0512346, 0.0466049, 0.0416667, 0.0382716, 0.0348765, 0.0330247, 0.0314815, 0.0305556, 
3260, 0.121166, 0.109509, 0.098773, 0.0889571, 0.0800613, 0.0711656, 0.0644172, 0.0570552, 0.0518405, 0.0460123, 0.0423313, 0.0380368, 0.0352761, 0.0331288, 0.0315951, 0.0306748, 
3280, 0.120732, 0.109451, 0.0984756, 0.0890244, 0.0795732, 0.0716463, 0.0637195, 0.0579268, 0.0512195, 0.0466463, 0.0417683, 0.0387195, 0.0353659, 0.0332317, 0.0317073, 0.0307927, 
3300, 0.120606, 0.108788, 0.0987879, 0.0884848, 0.079697, 0.0712121, 0.0645455, 0.0569697, 0.0521212, 0.0460606, 0.0424242, 0.0384848, 0.0357576, 0.0333333, 0.0318182, 0.0309091, 
3320, 0.120181, 0.109036, 0.0978916, 0.0888554, 0.0792169, 0.0716867, 0.0638554, 0.0578313, 0.0512048, 0.046988, 0.0421687, 0.0388554, 0.0355422, 0.0337349, 0.0319277, 0.0310241, 
3340, 0.12006, 0.108383, 0.0982036, 0.088024, 0.0799401, 0.0709581, 0.0643713, 0.0571856, 0.0520958, 0.0464072, 0.0428144, 0.0386228, 0.0359281, 0.0335329, 0.0323353, 0.0311377, 
3360, 0.119643, 0.108333, 0.097619, 0.0886905, 0.078869, 0.0717262, 0.0636905, 0.0580357, 0.0514881, 0.0470238, 0.0422619, 0.0392857, 0.0357143, 0.0339286, 0.0321429, 0.0315476, 
3380, 0.119231, 0.107988, 0.097929, 0.0878698, 0.0795858, 0.0710059, 0.064497, 0.0571006, 0.0523669, 0.0464497, 0.0428994, 0.0387574, 0.0363905, 0.0337278, 0.0325444, 0.0316568, 
3400, 0.118824, 0.107941, 0.0973529, 0.0882353, 0.0791176, 0.0714706, 0.0638235, 0.0579412, 0.0514706, 0.0473529, 0.0423529, 0.0394118, 0.0361765, 0.0341176, 0.0326471, 0.0317647, 
3420, 0.118713, 0.10731, 0.0976608, 0.0877193, 0.0792398, 0.0710526, 0.0643275, 0.0573099, 0.0523392, 0.0467836, 0.0429825, 0.0391813, 0.0365497, 0.0342105, 0.0327485, 0.0318713, 
3440, 0.118314, 0.107558, 0.0968023, 0.0880814, 0.0787791, 0.0715116, 0.0636628, 0.0581395, 0.0517442, 0.0473837, 0.0427326, 0.0395349, 0.0363372, 0.034593, 0.0328488, 0.0319767, 
3460, 0.118208, 0.106936, 0.0971098, 0.0872832, 0.0794798, 0.0708092, 0.0644509, 0.0572254, 0.0526012, 0.0468208, 0.0433526, 0.0393064, 0.0367052, 0.0343931, 0.033237, 0.0320809, 
3480, 0.117816, 0.106897, 0.0965517, 0.087931, 0.0784483, 0.0715517, 0.0637931, 0.058046, 0.0517241, 0.0477012, 0.0428161, 0.0399425, 0.0364943, 0.0347701, 0.033046, 0.0324713, 
3500, 0.117429, 0.106571, 0.0968571, 0.0871429, 0.0791429, 0.0708571, 0.0642857, 0.0574286, 0.0525714, 0.0471429, 0.0434286, 0.0394286, 0.0371429, 0.0345714, 0.0334286, 0.0325714, 
3520, 0.117045, 0.106534, 0.0963068, 0.0875, 0.0786932, 0.0713068, 0.0636364, 0.0582386, 0.0519886, 0.0477273, 0.0428977, 0.0400568, 0.0369318, 0.0349432, 0.0335227, 0.0326705, 
3540, 0.116949, 0.105932, 0.0966102, 0.0870057, 0.0788136, 0.070904, 0.0644068, 0.0573446, 0.0528249, 0.0471751, 0.0435028, 0.0398305, 0.0372881, 0.0350282, 0.0336158, 0.0327684, 
3560, 0.116573, 0.10618, 0.0957865, 0.0873595, 0.0783708, 0.0713483, 0.063764, 0.0581461, 0.0519663, 0.0480337, 0.0432584, 0.0401685, 0.0370787, 0.0353933, 0.0337079, 0.0328652, 
3580, 0.11648, 0.105587, 0.0960894, 0.0865922, 0.0790503, 0.0706704, 0.0642458, 0.0575419, 0.0527933, 0.047486, 0.0438547, 0.0399441, 0.0374302, 0.0351955, 0.0340782, 0.0329609, 
3600, 0.116111, 0.105556, 0.0955556, 0.0872222, 0.0780556, 0.0713889, 0.0636111, 0.0583333, 0.0522222, 0.0480556, 0.0433333, 0.0405556, 0.0372222, 0.0355556, 0.0338889, 0.0333333, 
3620, 0.115746, 0.105249, 0.0958564, 0.0864641, 0.0787293, 0.070442, 0.0646409, 0.0574586, 0.0530387, 0.0475138, 0.0439227, 0.0400552, 0.0378453, 0.0353591, 0.0342541, 0.0334254, 
3640, 0.115385, 0.10522, 0.0953297, 0.0868132, 0.078022, 0.0714286, 0.0634615, 0.0585165, 0.0521978, 0.0483516, 0.0434066, 0.0406593, 0.0376374, 0.0357143, 0.0343407, 0.0335165, 
3660, 0.115301, 0.104645, 0.0956284, 0.0860656, 0.0786885, 0.0704918, 0.0644809, 0.0576503, 0.0530055, 0.047541, 0.0442623, 0.0404372, 0.0379781, 0.0357924, 0.0344262, 0.0336066, 
3680, 0.114946, 0.104891, 0.094837, 0.0866848, 0.0777174, 0.0711957, 0.0638587, 0.0584239, 0.0521739, 0.0483696, 0.04375, 0.0410326, 0.0377717, 0.0361413, 0.0345109, 0.0336957, 
3700, 0.114865, 0.104324, 0.0951351, 0.0859459, 0.0783784, 0.0705405, 0.0643243, 0.0578378, 0.052973, 0.0478378, 0.0443243, 0.0405405, 0.0383784, 0.0359459, 0.0348649, 0.0337838, 
3720, 0.114516, 0.104301, 0.0946237, 0.0862903, 0.077957, 0.0709677, 0.0637097, 0.0583333, 0.0526882, 0.0483871, 0.0438172, 0.041129, 0.038172, 0.0362903, 0.0346774, 0.0341398, 
3740, 0.114171, 0.104011, 0.0949198, 0.0858289, 0.0780749, 0.0705882, 0.0641711, 0.0580214, 0.0529412, 0.0481283, 0.044385, 0.0409091, 0.0385027, 0.0360963, 0.0350267, 0.0342246, 
3760, 0.11383, 0.103989, 0.0944149, 0.0861702, 0.0776596, 0.0707447, 0.0640957, 0.0582447, 0.0526596, 0.0484043, 0.0444149, 0.0412234, 0.0382979, 0.0364362, 0.0351064, 0.0343085, 
3780, 0.113757, 0.103439, 0.094709, 0.0854497, 0.0780423, 0.0706349, 0.0640212, 0.0582011, 0.0529101, 0.0484127, 0.0444444, 0.0412698, 0.0386243, 0.0365079, 0.0351852, 0.0343915, 
3800, 0.113421, 0.103684, 0.0939474, 0.0857895, 0.0776316, 0.0707895, 0.0639474, 0.0581579, 0.0531579, 0.0484211, 0.0444737, 0.0413158, 0.0386842, 0.0368421, 0.0352632, 0.0344737, 
3820, 0.113351, 0.103141, 0.0942408, 0.0853403, 0.0777487, 0.0704188, 0.0641361, 0.058377, 0.0528796, 0.0486911, 0.0445026, 0.0413613, 0.0390052, 0.0366492, 0.0356021, 0.034555, 
3840, 0.113021, 0.103125, 0.09375, 0.0856771, 0.0773437, 0.0705729, 0.0640625, 0.0583333, 0.053125, 0.0484375, 0.0447917, 0.0416667, 0.0388021, 0.0369792, 0.0354167, 0.0348958, 
3860, 0.112694, 0.10285, 0.0940415, 0.0849741, 0.0777202, 0.0704663, 0.0639896, 0.0582902, 0.0531088, 0.0487047, 0.0448187, 0.0417098, 0.0391192, 0.0367876, 0.0357513, 0.0349741, 
3880, 0.112371, 0.102835, 0.0935567, 0.0853093, 0.0773196, 0.0706186, 0.0639175, 0.0582474, 0.0533505, 0.0487113, 0.0448454, 0.0417526, 0.0391753, 0.0371134, 0.0358247, 0.0350515, 
3900, 0.112308, 0.102308, 0.0935897, 0.0851282, 0.0774359, 0.0702564, 0.0641026, 0.0584615, 0.0530769, 0.0489744, 0.0448718, 0.0417949, 0.0392308, 0.0374359, 0.0358974, 0.0351282, 
3920, 0.11199, 0.102296, 0.0933673, 0.084949, 0.0772959, 0.0704082, 0.0640306, 0.0584184, 0.0533163, 0.0487245, 0.0451531, 0.0418367, 0.0395408, 0.0372449, 0.0362245, 0.0352041, 
3940, 0.111675, 0.102284, 0.0931472, 0.0847716, 0.0774112, 0.0703046, 0.0639594, 0.0583756, 0.0532995, 0.0489848, 0.0451777, 0.042132, 0.0393401, 0.0375635, 0.0360406, 0.035533, 
3960, 0.111616, 0.101768, 0.0931818, 0.0848485, 0.0770202, 0.0704545, 0.0638889, 0.0583333, 0.0535354, 0.0489899, 0.045202, 0.0421717, 0.0396465, 0.0373737, 0.0363636, 0.0356061, 
3980, 0.111307, 0.101759, 0.0929648, 0.0846734, 0.0771357, 0.0701005, 0.0640704, 0.0585427, 0.0532663, 0.0492462, 0.0452261, 0.0422111, 0.0396985, 0.0376884, 0.0364322, 0.0356784, 
4000, 0.111, 0.10175, 0.09275, 0.0845, 0.077, 0.07025, 0.064, 0.0585, 0.0535, 0.049, 0.0455, 0.04225, 0.03975, 0.038, 0.0365, 0.03575, 
4020, 0.110945, 0.101244, 0.0927861, 0.0843284, 0.0771144, 0.0701493, 0.0639303, 0.0584577, 0.0534826, 0.0492537, 0.0455224, 0.0422886, 0.0400498, 0.0378109, 0.0368159, 0.0358209, 
4040, 0.110644, 0.101238, 0.0923267, 0.0846535, 0.0767327, 0.070297, 0.0638614, 0.0584158, 0.0537129, 0.0492574, 0.0455446, 0.0425743, 0.0398515, 0.0381188, 0.0366337, 0.0361386, 
4060, 0.110345, 0.100985, 0.0926108, 0.0839901, 0.0770936, 0.0699507, 0.0640394, 0.0586207, 0.0534483, 0.0495074, 0.0455665, 0.0426108, 0.0401478, 0.037931, 0.0369458, 0.0362069, 
4080, 0.110049, 0.10098, 0.0921569, 0.0843137, 0.0767157, 0.070098, 0.0639706, 0.0585784, 0.0536765, 0.0492647, 0.0458333, 0.0426471, 0.0401961, 0.0382353, 0.0370098, 0.0362745, 
4100, 0.11, 0.100488, 0.0921951, 0.0841463, 0.0768293, 0.07, 0.0639024, 0.0585366, 0.0536585, 0.0495122, 0.0458537, 0.0426829, 0.0402439, 0.0385366, 0.0370732, 0.0363415, 
4120, 0.109709, 0.100485, 0.0919903, 0.0839806, 0.076699, 0.0701456, 0.063835, 0.0584951, 0.0538835, 0.0495146, 0.0458738, 0.0427184, 0.040534, 0.0383495, 0.0373786, 0.0364078, 
4140, 0.10942, 0.100483, 0.0917874, 0.0838164, 0.0768116, 0.0698068, 0.0640097, 0.0586957, 0.0536232, 0.0497585, 0.0458937, 0.0429952, 0.0403382, 0.0386473, 0.0371981, 0.036715, 
4160, 0.109375, 0.1, 0.0918269, 0.0838942, 0.0764423, 0.0699519, 0.0639423, 0.0586538, 0.0538462, 0.0495192, 0.0461538, 0.0430288, 0.040625, 0.0384615, 0.0375, 0.0367788, 
4180, 0.109091, 0.1, 0.0916268, 0.0837321, 0.076555, 0.0698565, 0.0638756, 0.0586124, 0.0538278, 0.0497608, 0.0461723, 0.0430622, 0.0406699, 0.038756, 0.0375598, 0.0368421, 
4200, 0.10881, 0.1, 0.0914286, 0.0835714, 0.0764286, 0.07, 0.0638095, 0.0585714, 0.0540476, 0.0497619, 0.0461905, 0.0430952, 0.0407143, 0.0390476, 0.037619, 0.0369048, 
4220, 0.108768, 0.0995261, 0.0914692, 0.0834123, 0.0765403, 0.0696682, 0.063981, 0.0587678, 0.0537915, 0.05, 0.0462085, 0.043128, 0.0409953, 0.0388626, 0.0379147, 0.0369668, 
4240, 0.108491, 0.0995283, 0.0910377, 0.0837264, 0.0761792, 0.0698113, 0.0639151, 0.0587264, 0.0540094, 0.0497642, 0.0464623, 0.0433962, 0.0408019, 0.0391509, 0.0377358, 0.0372641, 
4260, 0.108216, 0.0992958, 0.0913146, 0.0830986, 0.0765258, 0.0697183, 0.0638498, 0.0586854, 0.0539906, 0.05, 0.0464789, 0.0434272, 0.0410798, 0.0389671, 0.0380282, 0.0373239, 
4280, 0.107944, 0.0992991, 0.0908879, 0.0834112, 0.0761682, 0.0698598, 0.063785, 0.0586449, 0.0542056, 0.05, 0.0464953, 0.0434579, 0.0411215, 0.0392523, 0.0380841, 0.0373832, 
4300, 0.107907, 0.0988372, 0.0909302, 0.0832558, 0.0762791, 0.0695349, 0.0639535, 0.0588372, 0.0539535, 0.0502326, 0.0465116, 0.0434884, 0.0411628, 0.0395349, 0.0381395, 0.0374419, 
4320, 0.107639, 0.0988426, 0.0907407, 0.0831019, 0.0761574, 0.0696759, 0.0638889, 0.0587963, 0.0541667, 0.05, 0.0467593, 0.0435185, 0.0414352, 0.0393519, 0.0384259, 0.0375, 
4340, 0.107373, 0.0988479, 0.090553, 0.0829493, 0.0760369, 0.0698157, 0.0638249, 0.0587558, 0.0541475, 0.0502304, 0.0465438, 0.0440092, 0.0412442, 0.0396313, 0.0382488, 0.037788, 
4360, 0.107339, 0.0983945, 0.0905963, 0.0827982, 0.0761468, 0.0694954, 0.0639908, 0.0587156, 0.0543578, 0.05, 0.0470183, 0.043578, 0.0417431, 0.0394495, 0.0385321, 0.037844, 
4380, 0.107078, 0.0984018, 0.0901826, 0.083105, 0.0757991, 0.0696347, 0.0639269, 0.0589041, 0.0541096, 0.0504566, 0.0465753, 0.0440639, 0.0413242, 0.0399543, 0.0385845, 0.0378995, 
4400, 0.106818, 0.0981818, 0.0904545, 0.0825, 0.0761364, 0.0695455, 0.0638636, 0.0588636, 0.0543182, 0.0502273, 0.0470455, 0.0436364, 0.0418182, 0.0397727, 0.0388636, 0.0379545, 
4420, 0.106561, 0.09819, 0.0900453, 0.0828054, 0.0757919, 0.0696833, 0.0638009, 0.0588235, 0.0542986, 0.0504525, 0.0468326, 0.0441176, 0.041629, 0.0400453, 0.0386878, 0.0382353, 
4440, 0.106532, 0.0977478, 0.0900901, 0.0826577, 0.0759009, 0.0693694, 0.063964, 0.0587838, 0.0545045, 0.0502252, 0.0470721, 0.0441441, 0.0418919, 0.0398649, 0.038964, 0.0382883, 
4460, 0.106278, 0.0977578, 0.0899103, 0.0825112, 0.0757848, 0.0695067, 0.0639013, 0.0589686, 0.0542601, 0.0504484, 0.0470852, 0.0441704, 0.0419283, 0.0401345, 0.0390135, 0.0383408, 
4480, 0.106027, 0.0977679, 0.0897321, 0.0823661, 0.0756696, 0.0696429, 0.0638393, 0.0589286, 0.0544643, 0.0504464, 0.0470982, 0.0441964, 0.0419643, 0.0404018, 0.0390625, 0.0383929, 
4500, 0.106, 0.0973333, 0.0897778, 0.0822222, 0.0757778, 0.0693333, 0.064, 0.0588889, 0.0544444, 0.0506667, 0.0471111, 0.0442222, 0.0422222, 0.0402222, 0.0393333, 0.0384444, 
4520, 0.105752, 0.0973451, 0.0893805, 0.0825221, 0.0754425, 0.069469, 0.0639381, 0.0588496, 0.054646, 0.0504425, 0.0473451, 0.044469, 0.0420354, 0.0404867, 0.0391593, 0.0387168, 
4540, 0.105507, 0.0971366, 0.0896476, 0.0819383, 0.0757709, 0.0693833, 0.0638767, 0.0590308, 0.0544053, 0.0506608, 0.0473568, 0.0444934, 0.0422907, 0.0403084, 0.0394273, 0.0387665, 
4560, 0.105263, 0.0971491, 0.0892544, 0.0822368, 0.0754386, 0.0695175, 0.0638158, 0.0589912, 0.0546053, 0.0506579, 0.0473684, 0.0445175, 0.0423246, 0.0405702, 0.0394737, 0.0388158, 
4580, 0.10524, 0.0967249, 0.0893013, 0.0820961, 0.0755459, 0.069214, 0.0639738, 0.058952, 0.0545852, 0.0508734, 0.0473799, 0.0445415, 0.0423581, 0.0408297, 0.0395196, 0.0388646, 
4600, 0.105, 0.0967391, 0.0891304, 0.0819565, 0.0754348, 0.0693478, 0.063913, 0.058913, 0.0547826, 0.0506522, 0.0476087, 0.0445652, 0.0426087, 0.0406522, 0.0397826, 0.038913, 
4620, 0.104762, 0.0967532, 0.088961, 0.0818182, 0.0753247, 0.0694805, 0.0638528, 0.0590909, 0.0545455, 0.0508658, 0.0474026, 0.0450216, 0.0424242, 0.0409091, 0.0396104, 0.0391775, 
4640, 0.104741, 0.0963362, 0.0890086, 0.081681, 0.075431, 0.069181, 0.0640086, 0.0590517, 0.0547414, 0.0506466, 0.0478448, 0.0446121, 0.0428879, 0.0407328, 0.0398707, 0.0392241, 
