20, 0, 0, 1, 0, 
40, 0, 0.625, 0.125, 0.25, 
60, 0.466667, 0.116667, 0.25, 0.166667, 
80, 0.475, 0.2125, 0.1625, 0.15, 
100, 0.48, 0.25, 0.15, 0.12, 
120, 0.475, 0.258333, 0.158333, 0.108333, 
140, 0.457143, 0.271429, 0.157143, 0.114286, 
160, 0.44375, 0.26875, 0.16875, 0.11875, 
180, 0.427778, 0.272222, 0.172222, 0.127778, 
200, 0.415, 0.27, 0.18, 0.135, 
220, 0.404545, 0.268182, 0.186364, 0.140909, 
240, 0.391667, 0.270833, 0.1875, 0.15, 
260, 0.384615, 0.265385, 0.196154, 0.153846, 
280, 0.375, 0.267857, 0.196429, 0.160714, 
300, 0.366667, 0.266667, 0.2, 0.166667, 
320, 0.359375, 0.265625, 0.203125, 0.171875, 
340, 0.352941, 0.264706, 0.205882, 0.176471, 
360, 0.347222, 0.263889, 0.208333, 0.180556, 
380, 0.342105, 0.263158, 0.210526, 0.184211, 
400, 0.3375, 0.2625, 0.2125, 0.1875, 
420, 0.333333, 0.261905, 0.214286, 0.190476, 
440, 0.329545, 0.261364, 0.215909, 0.193182, 
460, 0.326087, 0.26087, 0.217391, 0.195652, 
480, 0.322917, 0.260417, 0.21875, 0.197917, 
500, 0.32, 0.26, 0.22, 0.2, 
520, 0.317308, 0.259615, 0.221154, 0.201923, 
540, 0.314815, 0.259259, 0.222222, 0.203704, 
560, 0.3125, 0.258929, 0.223214, 0.205357, 
580, 0.310345, 0.258621, 0.224138, 0.206897, 
600, 0.308333, 0.258333, 0.225, 0.208333, 
620, 0.306452, 0.258065, 0.225806, 0.209677, 
640, 0.304688, 0.257812, 0.226562, 0.210938, 
660, 0.30303, 0.257576, 0.227273, 0.212121, 
680, 0.301471, 0.257353, 0.227941, 0.213235, 
700, 0.3, 0.257143, 0.228571, 0.214286, 
720, 0.298611, 0.256944, 0.229167, 0.215278, 
740, 0.297297, 0.256757, 0.22973, 0.216216, 
760, 0.296053, 0.256579, 0.230263, 0.217105, 
780, 0.294872, 0.25641, 0.230769, 0.217949, 
800, 0.29375, 0.25625, 0.23125, 0.21875, 
820, 0.292683, 0.256098, 0.231707, 0.219512, 
840, 0.291667, 0.255952, 0.232143, 0.220238, 
860, 0.290698, 0.255814, 0.232558, 0.22093, 
880, 0.289773, 0.255682, 0.232955, 0.221591, 
900, 0.288889, 0.255556, 0.233333, 0.222222, 
920, 0.288043, 0.255435, 0.233696, 0.222826, 
940, 0.287234, 0.255319, 0.234043, 0.223404, 
960, 0.286458, 0.255208, 0.234375, 0.223958, 
980, 0.285714, 0.255102, 0.234694, 0.22449, 
1000, 0.285, 0.255, 0.235, 0.225, 
1020, 0.284314, 0.254902, 0.235294, 0.22549, 
1040, 0.283654, 0.254808, 0.235577, 0.225962, 
1060, 0.283019, 0.254717, 0.235849, 0.226415, 
1080, 0.282407, 0.25463, 0.236111, 0.226852, 
1100, 0.281818, 0.254545, 0.236364, 0.227273, 
1120, 0.28125, 0.254464, 0.236607, 0.227679, 
1140, 0.280702, 0.254386, 0.236842, 0.22807, 
1160, 0.280172, 0.25431, 0.237069, 0.228448, 
1180, 0.279661, 0.254237, 0.237288, 0.228814, 
1200, 0.279167, 0.254167, 0.2375, 0.229167, 
1220, 0.278689, 0.254098, 0.237705, 0.229508, 
1240, 0.278226, 0.254032, 0.237903, 0.229839, 
1260, 0.277778, 0.253968, 0.238095, 0.230159, 
1280, 0.277344, 0.253906, 0.238281, 0.230469, 
1300, 0.276923, 0.253846, 0.238462, 0.230769, 
1320, 0.276515, 0.253788, 0.238636, 0.231061, 
1340, 0.276119, 0.253731, 0.238806, 0.231343, 
1360, 0.275735, 0.253676, 0.238971, 0.231618, 
1380, 0.275362, 0.253623, 0.23913, 0.231884, 
1400, 0.275, 0.253571, 0.239286, 0.232143, 
1420, 0.274648, 0.253521, 0.239437, 0.232394, 
1440, 0.274306, 0.253472, 0.239583, 0.232639, 
1460, 0.273973, 0.253425, 0.239726, 0.232877, 
1480, 0.273649, 0.253378, 0.239865, 0.233108, 
1500, 0.273333, 0.253333, 0.24, 0.233333, 
1520, 0.273026, 0.253289, 0.240132, 0.233553, 
1540, 0.272727, 0.253247, 0.24026, 0.233766, 
1560, 0.272436, 0.253205, 0.240385, 0.233974, 
1580, 0.272152, 0.253165, 0.240506, 0.234177, 
1600, 0.271875, 0.253125, 0.240625, 0.234375, 
1620, 0.271605, 0.253086, 0.240741, 0.234568, 
1640, 0.271341, 0.253049, 0.240854, 0.234756, 
1660, 0.271084, 0.253012, 0.240964, 0.23494, 
1680, 0.270833, 0.252976, 0.241071, 0.235119, 
1700, 0.270588, 0.252941, 0.241176, 0.235294, 
1720, 0.270349, 0.252907, 0.241279, 0.235465, 
1740, 0.270115, 0.252874, 0.241379, 0.235632, 
1760, 0.269886, 0.252841, 0.241477, 0.235795, 
1780, 0.269663, 0.252809, 0.241573, 0.235955, 
1800, 0.269444, 0.252778, 0.241667, 0.236111, 
1820, 0.269231, 0.252747, 0.241758, 0.236264, 
1840, 0.269022, 0.252717, 0.241848, 0.236413, 
1860, 0.268817, 0.252688, 0.241935, 0.236559, 
1880, 0.268617, 0.25266, 0.242021, 0.236702, 
1900, 0.268421, 0.252632, 0.242105, 0.236842, 
1920, 0.268229, 0.252604, 0.242188, 0.236979, 
1940, 0.268041, 0.252577, 0.242268, 0.237113, 
1960, 0.267857, 0.252551, 0.242347, 0.237245, 
1980, 0.267677, 0.252525, 0.242424, 0.237374, 
2000, 0.2675, 0.2525, 0.2425, 0.2375, 
2020, 0.267327, 0.252475, 0.242574, 0.237624, 
2040, 0.267157, 0.252451, 0.242647, 0.237745, 
2060, 0.26699, 0.252427, 0.242718, 0.237864, 
2080, 0.266827, 0.252404, 0.242788, 0.237981, 
2100, 0.266667, 0.252381, 0.242857, 0.238095, 
2120, 0.266509, 0.252358, 0.242925, 0.238208, 
2140, 0.266355, 0.252336, 0.242991, 0.238318, 
2160, 0.266204, 0.252315, 0.243056, 0.238426, 
2180, 0.266055, 0.252294, 0.243119, 0.238532, 
2200, 0.265909, 0.252273, 0.243182, 0.238636, 
2220, 0.265766, 0.252252, 0.243243, 0.238739, 
2240, 0.265625, 0.252232, 0.243304, 0.238839, 
2260, 0.265487, 0.252212, 0.243363, 0.238938, 
2280, 0.265351, 0.252193, 0.243421, 0.239035, 
2300, 0.265217, 0.252174, 0.243478, 0.23913, 
2320, 0.265086, 0.252155, 0.243534, 0.239224, 
2340, 0.264957, 0.252137, 0.24359, 0.239316, 
2360, 0.26483, 0.252119, 0.243644, 0.239407, 
2380, 0.264706, 0.252101, 0.243697, 0.239496, 
2400, 0.264583, 0.252083, 0.24375, 0.239583, 
2420, 0.264463, 0.252066, 0.243802, 0.239669, 
2440, 0.264344, 0.252049, 0.243852, 0.239754, 
2460, 0.264228, 0.252033, 0.243902, 0.239837, 
2480, 0.264113, 0.252016, 0.243952, 0.239919, 
2500, 0.264, 0.252, 0.244, 0.24, 
2520, 0.263889, 0.251984, 0.244048, 0.240079, 
2540, 0.26378, 0.251969, 0.244094, 0.240157, 
2560, 0.263672, 0.251953, 0.244141, 0.240234, 
2580, 0.263566, 0.251938, 0.244186, 0.24031, 
2600, 0.263462, 0.251923, 0.244231, 0.240385, 
2620, 0.263359, 0.251908, 0.244275, 0.240458, 
2640, 0.263258, 0.251894, 0.244318, 0.24053, 
2660, 0.263158, 0.25188, 0.244361, 0.240602, 
2680, 0.26306, 0.251866, 0.244403, 0.240672, 
2700, 0.262963, 0.251852, 0.244444, 0.240741, 
2720, 0.262868, 0.251838, 0.244485, 0.240809, 
2740, 0.262774, 0.251825, 0.244526, 0.240876, 
2760, 0.262681, 0.251812, 0.244565, 0.240942, 
2780, 0.26259, 0.251799, 0.244604, 0.241007, 
2800, 0.2625, 0.251786, 0.244643, 0.241071, 
2820, 0.262411, 0.251773, 0.244681, 0.241135, 
2840, 0.262324, 0.251761, 0.244718, 0.241197, 
2860, 0.262238, 0.251748, 0.244755, 0.241259, 
2880, 0.262153, 0.251736, 0.244792, 0.241319, 
2900, 0.262069, 0.251724, 0.244828, 0.241379, 
2920, 0.261986, 0.251712, 0.244863, 0.241438, 
2940, 0.261905, 0.251701, 0.244898, 0.241497, 
2960, 0.261824, 0.251689, 0.244932, 0.241554, 
2980, 0.261745, 0.251678, 0.244966, 0.241611, 
3000, 0.261667, 0.251667, 0.245, 0.241667, 
3020, 0.261589, 0.251656, 0.245033, 0.241722, 
3040, 0.261513, 0.251645, 0.245066, 0.241776, 
3060, 0.261438, 0.251634, 0.245098, 0.24183, 
3080, 0.261364, 0.251623, 0.24513, 0.241883, 
3100, 0.26129, 0.251613, 0.245161, 0.241935, 
3120, 0.261218, 0.251603, 0.245192, 0.241987, 
3140, 0.261146, 0.251592, 0.245223, 0.242038, 
3160, 0.261076, 0.251582, 0.245253, 0.242089, 
3180, 0.261006, 0.251572, 0.245283, 0.242138, 
3200, 0.260938, 0.251563, 0.245312, 0.242188, 
3220, 0.26087, 0.251553, 0.245342, 0.242236, 
3240, 0.260802, 0.251543, 0.24537, 0.242284, 
3260, 0.260736, 0.251534, 0.245399, 0.242331, 
3280, 0.260671, 0.251524, 0.245427, 0.242378, 
3300, 0.260606, 0.251515, 0.245455, 0.242424, 
3320, 0.260542, 0.251506, 0.245482, 0.24247, 
3340, 0.260479, 0.251497, 0.245509, 0.242515, 
3360, 0.260417, 0.251488, 0.245536, 0.24256, 
3380, 0.260355, 0.251479, 0.245562, 0.242604, 
3400, 0.260294, 0.251471, 0.245588, 0.242647, 
3420, 0.260234, 0.251462, 0.245614, 0.24269, 
3440, 0.260174, 0.251453, 0.24564, 0.242733, 
3460, 0.260116, 0.251445, 0.245665, 0.242775, 
3480, 0.260057, 0.251437, 0.24569, 0.242816, 
3500, 0.26, 0.251429, 0.245714, 0.242857, 
3520, 0.259943, 0.25142, 0.245739, 0.242898, 
3540, 0.259887, 0.251412, 0.245763, 0.242938, 
3560, 0.259831, 0.251404, 0.245787, 0.242978, 
3580, 0.259777, 0.251397, 0.24581, 0.243017, 
3600, 0.259722, 0.251389, 0.245833, 0.243056, 
3620, 0.259668, 0.251381, 0.245856, 0.243094, 
3640, 0.259615, 0.251374, 0.245879, 0.243132, 
3660, 0.259563, 0.251366, 0.245902, 0.243169, 
3680, 0.259511, 0.251359, 0.245924, 0.243207, 
3700, 0.259459, 0.251351, 0.245946, 0.243243, 
3720, 0.259409, 0.251344, 0.245968, 0.24328, 
3740, 0.259358, 0.251337, 0.245989, 0.243316, 
3760, 0.259309, 0.25133, 0.246011, 0.243351, 
3780, 0.259259, 0.251323, 0.246032, 0.243386, 
3800, 0.259211, 0.251316, 0.246053, 0.243421, 
3820, 0.259162, 0.251309, 0.246073, 0.243455, 
3840, 0.259115, 0.251302, 0.246094, 0.24349, 
3860, 0.259067, 0.251295, 0.246114, 0.243523, 
3880, 0.259021, 0.251289, 0.246134, 0.243557, 
3900, 0.258974, 0.251282, 0.246154, 0.24359, 
3920, 0.258929, 0.251276, 0.246173, 0.243622, 
3940, 0.258883, 0.251269, 0.246193, 0.243655, 
3960, 0.258838, 0.251263, 0.246212, 0.243687, 
3980, 0.258794, 0.251256, 0.246231, 0.243719, 
4000, 0.25875, 0.25125, 0.24625, 0.24375, 
4020, 0.258706, 0.251244, 0.246269, 0.243781, 
4040, 0.258663, 0.251238, 0.246287, 0.243812, 
4060, 0.258621, 0.251232, 0.246305, 0.243842, 
4080, 0.258578, 0.251226, 0.246324, 0.243873, 
4100, 0.258537, 0.25122, 0.246341, 0.243902, 
4120, 0.258495, 0.251214, 0.246359, 0.243932, 
4140, 0.258454, 0.251208, 0.246377, 0.243961, 
4160, 0.258413, 0.251202, 0.246394, 0.24399, 
4180, 0.258373, 0.251196, 0.246411, 0.244019, 
4200, 0.258333, 0.25119, 0.246429, 0.244048, 
4220, 0.258294, 0.251185, 0.246445, 0.244076, 
4240, 0.258255, 0.251179, 0.246462, 0.244104, 
4260, 0.258216, 0.251174, 0.246479, 0.244131, 
4280, 0.258178, 0.251168, 0.246495, 0.244159, 
4300, 0.25814, 0.251163, 0.246512, 0.244186, 
4320, 0.258102, 0.251157, 0.246528, 0.244213, 
4340, 0.258065, 0.251152, 0.246544, 0.24424, 
4360, 0.258028, 0.251147, 0.24656, 0.244266, 
4380, 0.257991, 0.251142, 0.246575, 0.244292, 
4400, 0.257955, 0.251136, 0.246591, 0.244318, 
4420, 0.257919, 0.251131, 0.246606, 0.244344, 
4440, 0.257883, 0.251126, 0.246622, 0.244369, 
4460, 0.257848, 0.251121, 0.246637, 0.244395, 
4480, 0.257812, 0.251116, 0.246652, 0.24442, 
4500, 0.257778, 0.251111, 0.246667, 0.244444, 
4520, 0.257743, 0.251106, 0.246681, 0.244469, 
4540, 0.257709, 0.251101, 0.246696, 0.244493, 
4560, 0.257675, 0.251096, 0.246711, 0.244518, 
4580, 0.257642, 0.251092, 0.246725, 0.244541, 
4600, 0.257609, 0.251087, 0.246739, 0.244565, 
4620, 0.257576, 0.251082, 0.246753, 0.244589, 
4640, 0.257543, 0.251078, 0.246767, 0.244612, 
4660, 0.257511, 0.251073, 0.246781, 0.244635, 
4680, 0.257479, 0.251068, 0.246795, 0.244658, 
4700, 0.257447, 0.251064, 0.246809, 0.244681, 
4720, 0.257415, 0.251059, 0.246822, 0.244703, 
4740, 0.257384, 0.251055, 0.246835, 0.244726, 
4760, 0.257353, 0.25105, 0.246849, 0.244748, 
4780, 0.257322, 0.251046, 0.246862, 0.24477, 
4800, 0.257292, 0.251042, 0.246875, 0.244792, 
4820, 0.257261, 0.251037, 0.246888, 0.244813, 
4840, 0.257231, 0.251033, 0.246901, 0.244835, 
4860, 0.257202, 0.251029, 0.246914, 0.244856, 
4880, 0.257172, 0.251025, 0.246926, 0.244877, 
4900, 0.257143, 0.25102, 0.246939, 0.244898, 
4920, 0.257114, 0.251016, 0.246951, 0.244919, 
4940, 0.257085, 0.251012, 0.246964, 0.244939, 
4960, 0.257056, 0.251008, 0.246976, 0.24496, 
4980, 0.257028, 0.251004, 0.246988, 0.24498, 
5000, 0.257, 0.251, 0.247, 0.245, 
5020, 0.256972, 0.250996, 0.247012, 0.24502, 
5040, 0.256944, 0.250992, 0.247024, 0.24504, 
5060, 0.256917, 0.250988, 0.247036, 0.245059, 
5080, 0.25689, 0.250984, 0.247047, 0.245079, 
5100, 0.256863, 0.25098, 0.247059, 0.245098, 
5120, 0.256836, 0.250977, 0.24707, 0.245117, 
5140, 0.256809, 0.250973, 0.247082, 0.245136, 
5160, 0.256783, 0.250969, 0.247093, 0.245155, 
5180, 0.256757, 0.250965, 0.247104, 0.245174, 
5200, 0.256731, 0.250962, 0.247115, 0.245192, 
5220, 0.256705, 0.250958, 0.247126, 0.245211, 
5240, 0.256679, 0.250954, 0.247137, 0.245229, 
5260, 0.256654, 0.250951, 0.247148, 0.245247, 
5280, 0.256629, 0.250947, 0.247159, 0.245265, 
5300, 0.256604, 0.250943, 0.24717, 0.245283, 
5320, 0.256579, 0.25094, 0.24718, 0.245301, 
5340, 0.256554, 0.250936, 0.247191, 0.245318, 
5360, 0.25653, 0.250933, 0.247201, 0.245336, 
5380, 0.256506, 0.250929, 0.247212, 0.245353, 
5400, 0.256481, 0.250926, 0.247222, 0.24537, 
5420, 0.256458, 0.250923, 0.247232, 0.245387, 
5440, 0.256434, 0.250919, 0.247243, 0.245404, 
5460, 0.25641, 0.250916, 0.247253, 0.245421, 
5480, 0.256387, 0.250912, 0.247263, 0.245438, 
5500, 0.256364, 0.250909, 0.247273, 0.245455, 
5520, 0.256341, 0.250906, 0.247283, 0.245471, 
5540, 0.256318, 0.250903, 0.247292, 0.245487, 
5560, 0.256295, 0.250899, 0.247302, 0.245504, 
5580, 0.256272, 0.250896, 0.247312, 0.24552, 
5600, 0.25625, 0.250893, 0.247321, 0.245536, 
5620, 0.256228, 0.25089, 0.247331, 0.245552, 
5640, 0.256206, 0.250887, 0.24734, 0.245567, 
5660, 0.256184, 0.250883, 0.24735, 0.245583, 
5680, 0.256162, 0.25088, 0.247359, 0.245599, 
5700, 0.25614, 0.250877, 0.247368, 0.245614, 
5720, 0.256119, 0.250874, 0.247378, 0.245629, 
5740, 0.256098, 0.250871, 0.247387, 0.245645, 
5760, 0.256076, 0.250868, 0.247396, 0.24566, 
5780, 0.256055, 0.250865, 0.247405, 0.245675, 
5800, 0.256034, 0.250862, 0.247414, 0.24569, 
5820, 0.256014, 0.250859, 0.247423, 0.245704, 
5840, 0.255993, 0.250856, 0.247432, 0.245719, 
5860, 0.255973, 0.250853, 0.24744, 0.245734, 
5880, 0.255952, 0.25085, 0.247449, 0.245748, 
5900, 0.255932, 0.250847, 0.247458, 0.245763, 
5920, 0.255912, 0.250845, 0.247466, 0.245777, 
5940, 0.255892, 0.250842, 0.247475, 0.245791, 
5960, 0.255872, 0.250839, 0.247483, 0.245805, 
5980, 0.255853, 0.250836, 0.247492, 0.245819, 
6000, 0.255833, 0.250833, 0.2475, 0.245833, 
6020, 0.255814, 0.250831, 0.247508, 0.245847, 
6040, 0.255795, 0.250828, 0.247517, 0.245861, 
6060, 0.255776, 0.250825, 0.247525, 0.245875, 
6080, 0.255757, 0.250822, 0.247533, 0.245888, 
6100, 0.255738, 0.25082, 0.247541, 0.245902, 
6120, 0.255719, 0.250817, 0.247549, 0.245915, 
6140, 0.2557, 0.250814, 0.247557, 0.245928, 
6160, 0.255682, 0.250812, 0.247565, 0.245942, 
6180, 0.255663, 0.250809, 0.247573, 0.245955, 
6200, 0.255645, 0.250806, 0.247581, 0.245968, 
6220, 0.255627, 0.250804, 0.247588, 0.245981, 
6240, 0.255609, 0.250801, 0.247596, 0.245994, 
6260, 0.255591, 0.250799, 0.247604, 0.246006, 
6280, 0.255573, 0.250796, 0.247611, 0.246019, 
6300, 0.255556, 0.250794, 0.247619, 0.246032, 
6320, 0.255538, 0.250791, 0.247627, 0.246044, 
6340, 0.25552, 0.250789, 0.247634, 0.246057, 
6360, 0.255503, 0.250786, 0.247642, 0.246069, 
6380, 0.255486, 0.250784, 0.247649, 0.246082, 
6400, 0.255469, 0.250781, 0.247656, 0.246094, 
6420, 0.255452, 0.250779, 0.247664, 0.246106, 
6440, 0.255435, 0.250776, 0.247671, 0.246118, 
6460, 0.255418, 0.250774, 0.247678, 0.24613, 
6480, 0.255401, 0.250772, 0.247685, 0.246142, 
6500, 0.255385, 0.250769, 0.247692, 0.246154, 
6520, 0.255368, 0.250767, 0.247699, 0.246166, 
6540, 0.255352, 0.250765, 0.247706, 0.246177, 
6560, 0.255335, 0.250762, 0.247713, 0.246189, 
6580, 0.255319, 0.25076, 0.24772, 0.246201, 
6600, 0.255303, 0.250758, 0.247727, 0.246212, 
6620, 0.255287, 0.250755, 0.247734, 0.246224, 
6640, 0.255271, 0.250753, 0.247741, 0.246235, 
6660, 0.255255, 0.250751, 0.247748, 0.246246, 
6680, 0.25524, 0.250749, 0.247754, 0.246257, 
6700, 0.255224, 0.250746, 0.247761, 0.246269, 
6720, 0.255208, 0.250744, 0.247768, 0.24628, 
6740, 0.255193, 0.250742, 0.247774, 0.246291, 
6760, 0.255178, 0.25074, 0.247781, 0.246302, 
6780, 0.255162, 0.250737, 0.247788, 0.246313, 
6800, 0.255147, 0.250735, 0.247794, 0.246324, 
6820, 0.255132, 0.250733, 0.247801, 0.246334, 
6840, 0.255117, 0.250731, 0.247807, 0.246345, 
6860, 0.255102, 0.250729, 0.247813, 0.246356, 
6880, 0.255087, 0.250727, 0.24782, 0.246366, 
6900, 0.255072, 0.250725, 0.247826, 0.246377, 
6920, 0.255058, 0.250723, 0.247832, 0.246387, 
6940, 0.255043, 0.25072, 0.247839, 0.246398, 
6960, 0.255029, 0.250718, 0.247845, 0.246408, 
6980, 0.255014, 0.250716, 0.247851, 0.246418, 
7000, 0.255, 0.250714, 0.247857, 0.246429, 
7020, 0.254986, 0.250712, 0.247863, 0.246439, 
7040, 0.254972, 0.25071, 0.247869, 0.246449, 
7060, 0.254957, 0.250708, 0.247875, 0.246459, 
7080, 0.254943, 0.250706, 0.247881, 0.246469, 
7100, 0.25493, 0.250704, 0.247887, 0.246479, 
7120, 0.254916, 0.250702, 0.247893, 0.246489, 
7140, 0.254902, 0.2507, 0.247899, 0.246499, 
7160, 0.254888, 0.250698, 0.247905, 0.246508, 
7180, 0.254875, 0.250696, 0.247911, 0.246518, 
7200, 0.254861, 0.250694, 0.247917, 0.246528, 
7220, 0.254848, 0.250693, 0.247922, 0.246537, 
7240, 0.254834, 0.250691, 0.247928, 0.246547, 
7260, 0.254821, 0.250689, 0.247934, 0.246556, 
7280, 0.254808, 0.250687, 0.24794, 0.246566, 
7300, 0.254795, 0.250685, 0.247945, 0.246575, 
7320, 0.254781, 0.250683, 0.247951, 0.246585, 
7340, 0.254768, 0.250681, 0.247956, 0.246594, 
7360, 0.254755, 0.250679, 0.247962, 0.246603, 
7380, 0.254743, 0.250677, 0.247967, 0.246612, 
7400, 0.25473, 0.250676, 0.247973, 0.246622, 
7420, 0.254717, 0.250674, 0.247978, 0.246631, 
7440, 0.254704, 0.250672, 0.247984, 0.24664, 
7460, 0.254692, 0.25067, 0.247989, 0.246649, 
7480, 0.254679, 0.250668, 0.247995, 0.246658, 
7500, 0.254667, 0.250667, 0.248, 0.246667, 
7520, 0.254654, 0.250665, 0.248005, 0.246676, 
7540, 0.254642, 0.250663, 0.248011, 0.246684, 
7560, 0.25463, 0.250661, 0.248016, 0.246693, 
7580, 0.254617, 0.25066, 0.248021, 0.246702, 
7600, 0.254605, 0.250658, 0.248026, 0.246711, 
7620, 0.254593, 0.250656, 0.248031, 0.246719, 
7640, 0.254581, 0.250654, 0.248037, 0.246728, 
7660, 0.254569, 0.250653, 0.248042, 0.246736, 
7680, 0.254557, 0.250651, 0.248047, 0.246745, 
7700, 0.254545, 0.250649, 0.248052, 0.246753, 
7720, 0.254534, 0.250648, 0.248057, 0.246762, 
7740, 0.254522, 0.250646, 0.248062, 0.24677, 
7760, 0.25451, 0.250644, 0.248067, 0.246778, 
7780, 0.254499, 0.250643, 0.248072, 0.246787, 
7800, 0.254487, 0.250641, 0.248077, 0.246795, 
7820, 0.254476, 0.250639, 0.248082, 0.246803, 
7840, 0.254464, 0.250638, 0.248087, 0.246811, 
7860, 0.254453, 0.250636, 0.248092, 0.246819, 
7880, 0.254442, 0.250635, 0.248096, 0.246827, 
7900, 0.25443, 0.250633, 0.248101, 0.246835, 
7920, 0.254419, 0.250631, 0.248106, 0.246843, 
7940, 0.254408, 0.25063, 0.248111, 0.246851, 
7960, 0.254397, 0.250628, 0.248116, 0.246859, 
7980, 0.254386, 0.250627, 0.24812, 0.246867, 
8000, 0.254375, 0.250625, 0.248125, 0.246875, 
8020, 0.254364, 0.250623, 0.24813, 0.246883, 
8040, 0.254353, 0.250622, 0.248134, 0.246891, 
8060, 0.254342, 0.25062, 0.248139, 0.246898, 
8080, 0.254332, 0.250619, 0.248144, 0.246906, 
8100, 0.254321, 0.250617, 0.248148, 0.246914, 
8120, 0.25431, 0.250616, 0.248153, 0.246921, 
8140, 0.2543, 0.250614, 0.248157, 0.246929, 
8160, 0.254289, 0.250613, 0.248162, 0.246936, 
8180, 0.254279, 0.250611, 0.248166, 0.246944, 
8200, 0.254268, 0.25061, 0.248171, 0.246951, 
8220, 0.254258, 0.250608, 0.248175, 0.246959, 
8240, 0.254248, 0.250607, 0.24818, 0.246966, 
8260, 0.254237, 0.250605, 0.248184, 0.246973, 
8280, 0.254227, 0.250604, 0.248188, 0.246981, 
8300, 0.254217, 0.250602, 0.248193, 0.246988, 
8320, 0.254207, 0.250601, 0.248197, 0.246995, 
8340, 0.254197, 0.2506, 0.248201, 0.247002, 
8360, 0.254187, 0.250598, 0.248206, 0.24701, 
8380, 0.254177, 0.250597, 0.24821, 0.247017, 
8400, 0.254167, 0.250595, 0.248214, 0.247024, 
8420, 0.254157, 0.250594, 0.248219, 0.247031, 
8440, 0.254147, 0.250592, 0.248223, 0.247038, 
8460, 0.254137, 0.250591, 0.248227, 0.247045, 
8480, 0.254127, 0.25059, 0.248231, 0.247052, 
8500, 0.254118, 0.250588, 0.248235, 0.247059, 
8520, 0.254108, 0.250587, 0.248239, 0.247066, 
8540, 0.254098, 0.250585, 0.248244, 0.247073, 
8560, 0.254089, 0.250584, 0.248248, 0.247079, 
8580, 0.254079, 0.250583, 0.248252, 0.247086, 
8600, 0.25407, 0.250581, 0.248256, 0.247093, 
8620, 0.25406, 0.25058, 0.24826, 0.2471, 
8640, 0.254051, 0.250579, 0.248264, 0.247106, 
8660, 0.254042, 0.250577, 0.248268, 0.247113, 
8680, 0.254032, 0.250576, 0.248272, 0.24712, 
8700, 0.254023, 0.250575, 0.248276, 0.247126, 
8720, 0.254014, 0.250573, 0.24828, 0.247133, 
8740, 0.254005, 0.250572, 0.248284, 0.24714, 
8760, 0.253995, 0.250571, 0.248288, 0.247146, 
8780, 0.253986, 0.250569, 0.248292, 0.247153, 
8800, 0.253977, 0.250568, 0.248295, 0.247159, 
8820, 0.253968, 0.250567, 0.248299, 0.247166, 
8840, 0.253959, 0.250566, 0.248303, 0.247172, 
8860, 0.25395, 0.250564, 0.248307, 0.247178, 
8880, 0.253941, 0.250563, 0.248311, 0.247185, 
8900, 0.253933, 0.250562, 0.248315, 0.247191, 
8920, 0.253924, 0.250561, 0.248318, 0.247197, 
8940, 0.253915, 0.250559, 0.248322, 0.247204, 
8960, 0.253906, 0.250558, 0.248326, 0.24721, 
8980, 0.253898, 0.250557, 0.24833, 0.247216, 
9000, 0.253889, 0.250556, 0.248333, 0.247222, 
9020, 0.25388, 0.250554, 0.248337, 0.247228, 
9040, 0.253872, 0.250553, 0.248341, 0.247235, 
9060, 0.253863, 0.250552, 0.248344, 0.247241, 
9080, 0.253855, 0.250551, 0.248348, 0.247247, 
9100, 0.253846, 0.250549, 0.248352, 0.247253, 
9120, 0.253838, 0.250548, 0.248355, 0.247259, 
9140, 0.253829, 0.250547, 0.248359, 0.247265, 
9160, 0.253821, 0.250546, 0.248362, 0.247271, 
9180, 0.253813, 0.250545, 0.248366, 0.247277, 
9200, 0.253804, 0.250543, 0.24837, 0.247283, 
9220, 0.253796, 0.250542, 0.248373, 0.247289, 
9240, 0.253788, 0.250541, 0.248377, 0.247294, 
9260, 0.25378, 0.25054, 0.24838, 0.2473, 
9280, 0.253772, 0.250539, 0.248384, 0.247306, 
9300, 0.253763, 0.250538, 0.248387, 0.247312, 
9320, 0.253755, 0.250536, 0.248391, 0.247318, 
9340, 0.253747, 0.250535, 0.248394, 0.247323, 
9360, 0.253739, 0.250534, 0.248397, 0.247329, 
9380, 0.253731, 0.250533, 0.248401, 0.247335, 
9400, 0.253723, 0.250532, 0.248404, 0.24734, 
9420, 0.253715, 0.250531, 0.248408, 0.247346, 
9440, 0.253708, 0.25053, 0.248411, 0.247352, 
9460, 0.2537, 0.250529, 0.248414, 0.247357, 
9480, 0.253692, 0.250527, 0.248418, 0.247363, 
9500, 0.253684, 0.250526, 0.248421, 0.247368, 
9520, 0.253676, 0.250525, 0.248424, 0.247374, 
9540, 0.253669, 0.250524, 0.248428, 0.247379, 
9560, 0.253661, 0.250523, 0.248431, 0.247385, 
9580, 0.253653, 0.250522, 0.248434, 0.24739, 
9600, 0.253646, 0.250521, 0.248437, 0.247396, 
9620, 0.253638, 0.25052, 0.248441, 0.247401, 
9640, 0.253631, 0.250519, 0.248444, 0.247407, 
9660, 0.253623, 0.250518, 0.248447, 0.247412, 
9680, 0.253616, 0.250517, 0.24845, 0.247417, 
9700, 0.253608, 0.250515, 0.248454, 0.247423, 
9720, 0.253601, 0.250514, 0.248457, 0.247428, 
9740, 0.253593, 0.250513, 0.24846, 0.247433, 
9760, 0.253586, 0.250512, 0.248463, 0.247439, 
9780, 0.253579, 0.250511, 0.248466, 0.247444, 
9800, 0.253571, 0.25051, 0.248469, 0.247449, 
9820, 0.253564, 0.250509, 0.248473, 0.247454, 
9840, 0.253557, 0.250508, 0.248476, 0.247459, 
9860, 0.25355, 0.250507, 0.248479, 0.247465, 
9880, 0.253543, 0.250506, 0.248482, 0.24747, 
9900, 0.253535, 0.250505, 0.248485, 0.247475, 
9920, 0.253528, 0.250504, 0.248488, 0.24748, 
9940, 0.253521, 0.250503, 0.248491, 0.247485, 
9960, 0.253514, 0.250502, 0.248494, 0.24749, 
9980, 0.253507, 0.250501, 0.248497, 0.247495, 
10000, 0.2535, 0.2505, 0.2485, 0.2475, 
10020, 0.253493, 0.250499, 0.248503, 0.247505, 
10040, 0.253486, 0.250498, 0.248506, 0.24751, 
10060, 0.253479, 0.250497, 0.248509, 0.247515, 
10080, 0.253472, 0.250496, 0.248512, 0.24752, 
10100, 0.253465, 0.250495, 0.248515, 0.247525, 
10120, 0.253458, 0.250494, 0.248518, 0.24753, 
10140, 0.253452, 0.250493, 0.248521, 0.247535, 
10160, 0.253445, 0.250492, 0.248524, 0.247539, 
10180, 0.253438, 0.250491, 0.248527, 0.247544, 
10200, 0.253431, 0.25049, 0.248529, 0.247549, 
10220, 0.253425, 0.250489, 0.248532, 0.247554, 
10240, 0.253418, 0.250488, 0.248535, 0.247559, 
10260, 0.253411, 0.250487, 0.248538, 0.247563, 
10280, 0.253405, 0.250486, 0.248541, 0.247568, 
10300, 0.253398, 0.250485, 0.248544, 0.247573, 
10320, 0.253391, 0.250484, 0.248547, 0.247578, 
10340, 0.253385, 0.250484, 0.248549, 0.247582, 
10360, 0.253378, 0.250483, 0.248552, 0.247587, 
10380, 0.253372, 0.250482, 0.248555, 0.247592, 
10400, 0.253365, 0.250481, 0.248558, 0.247596, 
10420, 0.253359, 0.25048, 0.24856, 0.247601, 
10440, 0.253352, 0.250479, 0.248563, 0.247605, 
10460, 0.253346, 0.250478, 0.248566, 0.24761, 
10480, 0.25334, 0.250477, 0.248569, 0.247615, 
10500, 0.253333, 0.250476, 0.248571, 0.247619, 
10520, 0.253327, 0.250475, 0.248574, 0.247624, 
10540, 0.253321, 0.250474, 0.248577, 0.247628, 
10560, 0.253314, 0.250473, 0.24858, 0.247633, 
10580, 0.253308, 0.250473, 0.248582, 0.247637, 
10600, 0.253302, 0.250472, 0.248585, 0.247642, 
10620, 0.253296, 0.250471, 0.248588, 0.247646, 
10640, 0.253289, 0.25047, 0.24859, 0.24765, 
10660, 0.253283, 0.250469, 0.248593, 0.247655, 
10680, 0.253277, 0.250468, 0.248596, 0.247659, 
10700, 0.253271, 0.250467, 0.248598, 0.247664, 
10720, 0.253265, 0.250466, 0.248601, 0.247668, 
10740, 0.253259, 0.250466, 0.248603, 0.247672, 
10760, 0.253253, 0.250465, 0.248606, 0.247677, 
10780, 0.253247, 0.250464, 0.248609, 0.247681, 
10800, 0.253241, 0.250463, 0.248611, 0.247685, 
10820, 0.253235, 0.250462, 0.248614, 0.247689, 
10840, 0.253229, 0.250461, 0.248616, 0.247694, 
10860, 0.253223, 0.25046, 0.248619, 0.247698, 
10880, 0.253217, 0.25046, 0.248621, 0.247702, 
10900, 0.253211, 0.250459, 0.248624, 0.247706, 
10920, 0.253205, 0.250458, 0.248626, 0.247711, 
10940, 0.253199, 0.250457, 0.248629, 0.247715, 
10960, 0.253193, 0.250456, 0.248631, 0.247719, 
10980, 0.253188, 0.250455, 0.248634, 0.247723, 
11000, 0.253182, 0.250455, 0.248636, 0.247727, 
11020, 0.253176, 0.250454, 0.248639, 0.247731, 
11040, 0.25317, 0.250453, 0.248641, 0.247736, 
11060, 0.253165, 0.250452, 0.248644, 0.24774, 
11080, 0.253159, 0.250451, 0.248646, 0.247744, 
11100, 0.253153, 0.25045, 0.248649, 0.247748, 
11120, 0.253147, 0.25045, 0.248651, 0.247752, 
11140, 0.253142, 0.250449, 0.248654, 0.247756, 
11160, 0.253136, 0.250448, 0.248656, 0.24776, 
11180, 0.253131, 0.250447, 0.248658, 0.247764, 
11200, 0.253125, 0.250446, 0.248661, 0.247768, 
11220, 0.253119, 0.250446, 0.248663, 0.247772, 
11240, 0.253114, 0.250445, 0.248665, 0.247776, 
11260, 0.253108, 0.250444, 0.248668, 0.24778, 
11280, 0.253103, 0.250443, 0.24867, 0.247784, 
11300, 0.253097, 0.250442, 0.248673, 0.247788, 
11320, 0.253092, 0.250442, 0.248675, 0.247792, 
11340, 0.253086, 0.250441, 0.248677, 0.247795, 
11360, 0.253081, 0.25044, 0.24868, 0.247799, 
11380, 0.253076, 0.250439, 0.248682, 0.247803, 
11400, 0.25307, 0.250439, 0.248684, 0.247807, 
11420, 0.253065, 0.250438, 0.248687, 0.247811, 
11440, 0.253059, 0.250437, 0.248689, 0.247815, 
11460, 0.253054, 0.250436, 0.248691, 0.247818, 
11480, 0.253049, 0.250436, 0.248693, 0.247822, 
11500, 0.253043, 0.250435, 0.248696, 0.247826, 
11520, 0.253038, 0.250434, 0.248698, 0.24783, 
11540, 0.253033, 0.250433, 0.2487, 0.247834, 
11560, 0.253028, 0.250433, 0.248702, 0.247837, 
11580, 0.253022, 0.250432, 0.248705, 0.247841, 
11600, 0.253017, 0.250431, 0.248707, 0.247845, 
11620, 0.253012, 0.25043, 0.248709, 0.247849, 
11640, 0.253007, 0.25043, 0.248711, 0.247852, 
11660, 0.253002, 0.250429, 0.248714, 0.247856, 
11680, 0.252997, 0.250428, 0.248716, 0.24786, 
11700, 0.252991, 0.250427, 0.248718, 0.247863, 
11720, 0.252986, 0.250427, 0.24872, 0.247867, 
11740, 0.252981, 0.250426, 0.248722, 0.247871, 
11760, 0.252976, 0.250425, 0.248724, 0.247874, 
11780, 0.252971, 0.250424, 0.248727, 0.247878, 
11800, 0.252966, 0.250424, 0.248729, 0.247881, 
11820, 0.252961, 0.250423, 0.248731, 0.247885, 
11840, 0.252956, 0.250422, 0.248733, 0.247889, 
11860, 0.252951, 0.250422, 0.248735, 0.247892, 
11880, 0.252946, 0.250421, 0.248737, 0.247896, 
11900, 0.252941, 0.25042, 0.248739, 0.247899, 
11920, 0.252936, 0.250419, 0.248742, 0.247903, 
11940, 0.252931, 0.250419, 0.248744, 0.247906, 
11960, 0.252926, 0.250418, 0.248746, 0.24791, 
11980, 0.252922, 0.250417, 0.248748, 0.247913, 
12000, 0.252917, 0.250417, 0.24875, 0.247917, 
12020, 0.252912, 0.250416, 0.248752, 0.24792, 
12040, 0.252907, 0.250415, 0.248754, 0.247924, 
12060, 0.252902, 0.250415, 0.248756, 0.247927, 
12080, 0.252897, 0.250414, 0.248758, 0.24793, 
12100, 0.252893, 0.250413, 0.24876, 0.247934, 
12120, 0.252888, 0.250413, 0.248762, 0.247937, 
12140, 0.252883, 0.250412, 0.248764, 0.247941, 
12160, 0.252878, 0.250411, 0.248766, 0.247944, 
12180, 0.252874, 0.25041, 0.248768, 0.247947, 
12200, 0.252869, 0.25041, 0.24877, 0.247951, 
12220, 0.252864, 0.250409, 0.248773, 0.247954, 
12240, 0.252859, 0.250409, 0.248775, 0.247958, 
12260, 0.252855, 0.250408, 0.248777, 0.247961, 
12280, 0.25285, 0.250407, 0.248779, 0.247964, 
12300, 0.252846, 0.250407, 0.24878, 0.247967, 
12320, 0.252841, 0.250406, 0.248782, 0.247971, 
12340, 0.252836, 0.250405, 0.248784, 0.247974, 
12360, 0.252832, 0.250405, 0.248786, 0.247977, 
12380, 0.252827, 0.250404, 0.248788, 0.247981, 
12400, 0.252823, 0.250403, 0.24879, 0.247984, 
12420, 0.252818, 0.250403, 0.248792, 0.247987, 
12440, 0.252814, 0.250402, 0.248794, 0.24799, 
12460, 0.252809, 0.250401, 0.248796, 0.247994, 
12480, 0.252804, 0.250401, 0.248798, 0.247997, 
12500, 0.2528, 0.2504, 0.2488, 0.248, 
12520, 0.252796, 0.250399, 0.248802, 0.248003, 
12540, 0.252791, 0.250399, 0.248804, 0.248006, 
12560, 0.252787, 0.250398, 0.248806, 0.24801, 
12580, 0.252782, 0.250397, 0.248808, 0.248013, 
12600, 0.252778, 0.250397, 0.24881, 0.248016, 
12620, 0.252773, 0.250396, 0.248811, 0.248019, 
12640, 0.252769, 0.250396, 0.248813, 0.248022, 
12660, 0.252765, 0.250395, 0.248815, 0.248025, 
12680, 0.25276, 0.250394, 0.248817, 0.248028, 
12700, 0.252756, 0.250394, 0.248819, 0.248031, 
12720, 0.252752, 0.250393, 0.248821, 0.248035, 
12740, 0.252747, 0.250392, 0.248823, 0.248038, 
12760, 0.252743, 0.250392, 0.248824, 0.248041, 
12780, 0.252739, 0.250391, 0.248826, 0.248044, 
12800, 0.252734, 0.250391, 0.248828, 0.248047, 
12820, 0.25273, 0.25039, 0.24883, 0.24805, 
12840, 0.252726, 0.250389, 0.248832, 0.248053, 
12860, 0.252722, 0.250389, 0.248834, 0.248056, 
12880, 0.252717, 0.250388, 0.248835, 0.248059, 
12900, 0.252713, 0.250388, 0.248837, 0.248062, 
12920, 0.252709, 0.250387, 0.248839, 0.248065, 
12940, 0.252705, 0.250386, 0.248841, 0.248068, 
12960, 0.252701, 0.250386, 0.248843, 0.248071, 
12980, 0.252696, 0.250385, 0.248844, 0.248074, 
13000, 0.252692, 0.250385, 0.248846, 0.248077, 
13020, 0.252688, 0.250384, 0.248848, 0.24808, 
13040, 0.252684, 0.250383, 0.24885, 0.248083, 
13060, 0.25268, 0.250383, 0.248851, 0.248086, 
13080, 0.252676, 0.250382, 0.248853, 0.248089, 
13100, 0.252672, 0.250382, 0.248855, 0.248092, 
13120, 0.252668, 0.250381, 0.248857, 0.248095, 
13140, 0.252664, 0.250381, 0.248858, 0.248097, 
13160, 0.25266, 0.25038, 0.24886, 0.2481, 
13180, 0.252656, 0.250379, 0.248862, 0.248103, 
13200, 0.252652, 0.250379, 0.248864, 0.248106, 
13220, 0.252647, 0.250378, 0.248865, 0.248109, 
13240, 0.252643, 0.250378, 0.248867, 0.248112, 
13260, 0.25264, 0.250377, 0.248869, 0.248115, 
13280, 0.252636, 0.250376, 0.24887, 0.248117, 
13300, 0.252632, 0.250376, 0.248872, 0.24812, 
13320, 0.252628, 0.250375, 0.248874, 0.248123, 
13340, 0.252624, 0.250375, 0.248876, 0.248126, 
13360, 0.25262, 0.250374, 0.248877, 0.248129, 
13380, 0.252616, 0.250374, 0.248879, 0.248132, 
13400, 0.252612, 0.250373, 0.248881, 0.248134, 
13420, 0.252608, 0.250373, 0.248882, 0.248137, 
13440, 0.252604, 0.250372, 0.248884, 0.24814, 
13460, 0.2526, 0.250371, 0.248886, 0.248143, 
13480, 0.252596, 0.250371, 0.248887, 0.248145, 
13500, 0.252593, 0.25037, 0.248889, 0.248148, 
13520, 0.252589, 0.25037, 0.248891, 0.248151, 
13540, 0.252585, 0.250369, 0.248892, 0.248154, 
13560, 0.252581, 0.250369, 0.248894, 0.248156, 
13580, 0.252577, 0.250368, 0.248895, 0.248159, 
13600, 0.252574, 0.250368, 0.248897, 0.248162, 
13620, 0.25257, 0.250367, 0.248899, 0.248164, 
13640, 0.252566, 0.250367, 0.2489, 0.248167, 
13660, 0.252562, 0.250366, 0.248902, 0.24817, 
13680, 0.252558, 0.250365, 0.248904, 0.248173, 
13700, 0.252555, 0.250365, 0.248905, 0.248175, 
13720, 0.252551, 0.250364, 0.248907, 0.248178, 
13740, 0.252547, 0.250364, 0.248908, 0.24818, 
13760, 0.252544, 0.250363, 0.24891, 0.248183, 
13780, 0.25254, 0.250363, 0.248911, 0.248186, 
13800, 0.252536, 0.250362, 0.248913, 0.248188, 
13820, 0.252533, 0.250362, 0.248915, 0.248191, 
13840, 0.252529, 0.250361, 0.248916, 0.248194, 
13860, 0.252525, 0.250361, 0.248918, 0.248196, 
13880, 0.252522, 0.25036, 0.248919, 0.248199, 
13900, 0.252518, 0.25036, 0.248921, 0.248201, 
13920, 0.252514, 0.250359, 0.248922, 0.248204, 
13940, 0.252511, 0.250359, 0.248924, 0.248207, 
13960, 0.252507, 0.250358, 0.248926, 0.248209, 
13980, 0.252504, 0.250358, 0.248927, 0.248212, 
14000, 0.2525, 0.250357, 0.248929, 0.248214, 
14020, 0.252496, 0.250357, 0.24893, 0.248217, 
14040, 0.252493, 0.250356, 0.248932, 0.248219, 
14060, 0.252489, 0.250356, 0.248933, 0.248222, 
14080, 0.252486, 0.250355, 0.248935, 0.248224, 
14100, 0.252482, 0.250355, 0.248936, 0.248227, 
14120, 0.252479, 0.250354, 0.248938, 0.248229, 
14140, 0.252475, 0.250354, 0.248939, 0.248232, 
14160, 0.252472, 0.250353, 0.248941, 0.248234, 
14180, 0.252468, 0.250353, 0.248942, 0.248237, 
14200, 0.252465, 0.250352, 0.248944, 0.248239, 
14220, 0.252461, 0.250352, 0.248945, 0.248242, 
14240, 0.252458, 0.250351, 0.248947, 0.248244, 
14260, 0.252454, 0.250351, 0.248948, 0.248247, 
14280, 0.252451, 0.25035, 0.24895, 0.248249, 
14300, 0.252448, 0.25035, 0.248951, 0.248252, 
14320, 0.252444, 0.250349, 0.248953, 0.248254, 
14340, 0.252441, 0.250349, 0.248954, 0.248257, 
14360, 0.252437, 0.250348, 0.248955, 0.248259, 
14380, 0.252434, 0.250348, 0.248957, 0.248261, 
14400, 0.252431, 0.250347, 0.248958, 0.248264, 
14420, 0.252427, 0.250347, 0.24896, 0.248266, 
14440, 0.252424, 0.250346, 0.248961, 0.248269, 
14460, 0.25242, 0.250346, 0.248963, 0.248271, 
14480, 0.252417, 0.250345, 0.248964, 0.248273, 
14500, 0.252414, 0.250345, 0.248966, 0.248276, 
14520, 0.25241, 0.250344, 0.248967, 0.248278, 
14540, 0.252407, 0.250344, 0.248968, 0.248281, 
14560, 0.252404, 0.250343, 0.24897, 0.248283, 
14580, 0.252401, 0.250343, 0.248971, 0.248285, 
14600, 0.252397, 0.250342, 0.248973, 0.248288, 
14620, 0.252394, 0.250342, 0.248974, 0.24829, 
14640, 0.252391, 0.250342, 0.248975, 0.248292, 
14660, 0.252387, 0.250341, 0.248977, 0.248295, 
14680, 0.252384, 0.250341, 0.248978, 0.248297, 
14700, 0.252381, 0.25034, 0.24898, 0.248299, 
14720, 0.252378, 0.25034, 0.248981, 0.248302, 
14740, 0.252375, 0.250339, 0.248982, 0.248304, 
14760, 0.252371, 0.250339, 0.248984, 0.248306, 
14780, 0.252368, 0.250338, 0.248985, 0.248309, 
14800, 0.252365, 0.250338, 0.248986, 0.248311, 
14820, 0.252362, 0.250337, 0.248988, 0.248313, 
14840, 0.252358, 0.250337, 0.248989, 0.248315, 
14860, 0.252355, 0.250336, 0.248991, 0.248318, 
14880, 0.252352, 0.250336, 0.248992, 0.24832, 
14900, 0.252349, 0.250336, 0.248993, 0.248322, 
14920, 0.252346, 0.250335, 0.248995, 0.248324, 
14940, 0.252343, 0.250335, 0.248996, 0.248327, 
14960, 0.25234, 0.250334, 0.248997, 0.248329, 
14980, 0.252336, 0.250334, 0.248999, 0.248331, 
15000, 0.252333, 0.250333, 0.249, 0.248333, 
15020, 0.25233, 0.250333, 0.249001, 0.248336, 
15040, 0.252327, 0.250332, 0.249003, 0.248338, 
15060, 0.252324, 0.250332, 0.249004, 0.24834, 
15080, 0.252321, 0.250332, 0.249005, 0.248342, 
15100, 0.252318, 0.250331, 0.249007, 0.248344, 
15120, 0.252315, 0.250331, 0.249008, 0.248347, 
15140, 0.252312, 0.25033, 0.249009, 0.248349, 
15160, 0.252309, 0.25033, 0.249011, 0.248351, 
15180, 0.252306, 0.250329, 0.249012, 0.248353, 
15200, 0.252303, 0.250329, 0.249013, 0.248355, 
15220, 0.2523, 0.250329, 0.249014, 0.248357, 
15240, 0.252297, 0.250328, 0.249016, 0.24836, 
15260, 0.252294, 0.250328, 0.249017, 0.248362, 
15280, 0.252291, 0.250327, 0.249018, 0.248364, 
15300, 0.252288, 0.250327, 0.24902, 0.248366, 
15320, 0.252285, 0.250326, 0.249021, 0.248368, 
15340, 0.252282, 0.250326, 0.249022, 0.24837, 
15360, 0.252279, 0.250326, 0.249023, 0.248372, 
15380, 0.252276, 0.250325, 0.249025, 0.248375, 
15400, 0.252273, 0.250325, 0.249026, 0.248377, 
15420, 0.25227, 0.250324, 0.249027, 0.248379, 
15440, 0.252267, 0.250324, 0.249029, 0.248381, 
15460, 0.252264, 0.250323, 0.24903, 0.248383, 
15480, 0.252261, 0.250323, 0.249031, 0.248385, 
15500, 0.252258, 0.250323, 0.249032, 0.248387, 
15520, 0.252255, 0.250322, 0.249034, 0.248389, 
15540, 0.252252, 0.250322, 0.249035, 0.248391, 
15560, 0.252249, 0.250321, 0.249036, 0.248393, 
15580, 0.252246, 0.250321, 0.249037, 0.248395, 
15600, 0.252244, 0.250321, 0.249038, 0.248397, 
15620, 0.252241, 0.25032, 0.24904, 0.248399, 
15640, 0.252238, 0.25032, 0.249041, 0.248402, 
15660, 0.252235, 0.250319, 0.249042, 0.248404, 
15680, 0.252232, 0.250319, 0.249043, 0.248406, 
15700, 0.252229, 0.250318, 0.249045, 0.248408, 
15720, 0.252226, 0.250318, 0.249046, 0.24841, 
15740, 0.252224, 0.250318, 0.249047, 0.248412, 
15760, 0.252221, 0.250317, 0.249048, 0.248414, 
15780, 0.252218, 0.250317, 0.249049, 0.248416, 
15800, 0.252215, 0.250316, 0.249051, 0.248418, 
15820, 0.252212, 0.250316, 0.249052, 0.24842, 
15840, 0.25221, 0.250316, 0.249053, 0.248422, 
15860, 0.252207, 0.250315, 0.249054, 0.248424, 
15880, 0.252204, 0.250315, 0.249055, 0.248426, 
15900, 0.252201, 0.250314, 0.249057, 0.248428, 
15920, 0.252198, 0.250314, 0.249058, 0.24843, 
15940, 0.252196, 0.250314, 0.249059, 0.248432, 
15960, 0.252193, 0.250313, 0.24906, 0.248434, 
15980, 0.25219, 0.250313, 0.249061, 0.248436, 
16000, 0.252187, 0.250313, 0.249062, 0.248437, 
16020, 0.252185, 0.250312, 0.249064, 0.248439, 
16040, 0.252182, 0.250312, 0.249065, 0.248441, 
16060, 0.252179, 0.250311, 0.249066, 0.248443, 
16080, 0.252177, 0.250311, 0.249067, 0.248445, 
16100, 0.252174, 0.250311, 0.249068, 0.248447, 
16120, 0.252171, 0.25031, 0.249069, 0.248449, 
16140, 0.252169, 0.25031, 0.249071, 0.248451, 
16160, 0.252166, 0.250309, 0.249072, 0.248453, 
16180, 0.252163, 0.250309, 0.249073, 0.248455, 
16200, 0.25216, 0.250309, 0.249074, 0.248457, 
16220, 0.252158, 0.250308, 0.249075, 0.248459, 
16240, 0.252155, 0.250308, 0.249076, 0.248461, 
16260, 0.252153, 0.250308, 0.249077, 0.248462, 
16280, 0.25215, 0.250307, 0.249079, 0.248464, 
16300, 0.252147, 0.250307, 0.24908, 0.248466, 
16320, 0.252145, 0.250306, 0.249081, 0.248468, 
16340, 0.252142, 0.250306, 0.249082, 0.24847, 
16360, 0.252139, 0.250306, 0.249083, 0.248472, 
16380, 0.252137, 0.250305, 0.249084, 0.248474, 
16400, 0.252134, 0.250305, 0.249085, 0.248476, 
16420, 0.252132, 0.250305, 0.249086, 0.248477, 
16440, 0.252129, 0.250304, 0.249088, 0.248479, 
16460, 0.252126, 0.250304, 0.249089, 0.248481, 
16480, 0.252124, 0.250303, 0.24909, 0.248483, 
16500, 0.252121, 0.250303, 0.249091, 0.248485, 
16520, 0.252119, 0.250303, 0.249092, 0.248487, 
16540, 0.252116, 0.250302, 0.249093, 0.248489, 
16560, 0.252114, 0.250302, 0.249094, 0.24849, 
16580, 0.252111, 0.250302, 0.249095, 0.248492, 
16600, 0.252108, 0.250301, 0.249096, 0.248494, 
16620, 0.252106, 0.250301, 0.249097, 0.248496, 
16640, 0.252103, 0.2503, 0.249099, 0.248498, 
16660, 0.252101, 0.2503, 0.2491, 0.248499, 
16680, 0.252098, 0.2503, 0.249101, 0.248501, 
16700, 0.252096, 0.250299, 0.249102, 0.248503, 
16720, 0.252093, 0.250299, 0.249103, 0.248505, 
16740, 0.252091, 0.250299, 0.249104, 0.248507, 
16760, 0.252088, 0.250298, 0.249105, 0.248508, 
16780, 0.252086, 0.250298, 0.249106, 0.24851, 
16800, 0.252083, 0.250298, 0.249107, 0.248512, 
16820, 0.252081, 0.250297, 0.249108, 0.248514, 
16840, 0.252078, 0.250297, 0.249109, 0.248515, 
16860, 0.252076, 0.250297, 0.24911, 0.248517, 
16880, 0.252073, 0.250296, 0.249111, 0.248519, 
16900, 0.252071, 0.250296, 0.249112, 0.248521, 
16920, 0.252069, 0.250296, 0.249113, 0.248522, 
16940, 0.252066, 0.250295, 0.249115, 0.248524, 
16960, 0.252064, 0.250295, 0.249116, 0.248526, 
16980, 0.252061, 0.250294, 0.249117, 0.248528, 
17000, 0.252059, 0.250294, 0.249118, 0.248529, 
17020, 0.252056, 0.250294, 0.249119, 0.248531, 
17040, 0.252054, 0.250293, 0.24912, 0.248533, 
17060, 0.252052, 0.250293, 0.249121, 0.248535, 
17080, 0.252049, 0.250293, 0.249122, 0.248536, 
17100, 0.252047, 0.250292, 0.249123, 0.248538, 
