20, 0, 0, 0, 0, 1, 0, 0, 0, 
40, 0, 0, 0, 0.625, 0.125, 0.25, 0, 0, 
60, 0, 0, 0.466667, 0.116667, 0.25, 0.0833333, 0.0833333, 0, 
80, 0, 0.3625, 0.1125, 0.2125, 0.125, 0.125, 0.0375, 0.025, 
100, 0.3, 0.09, 0.19, 0.14, 0.13, 0.07, 0.06, 0.02, 
120, 0.333333, 0.158333, 0.141667, 0.133333, 0.0833333, 0.0833333, 0.0333333, 0.0333333, 
140, 0.357143, 0.2, 0.128571, 0.0928571, 0.0928571, 0.05, 0.05, 0.0285714, 
160, 0.36875, 0.2125, 0.13125, 0.09375, 0.0625, 0.0625, 0.0375, 0.03125, 
180, 0.372222, 0.222222, 0.133333, 0.0888889, 0.0666667, 0.0444444, 0.0444444, 0.0277778, 
200, 0.37, 0.225, 0.14, 0.09, 0.06, 0.05, 0.035, 0.03, 
220, 0.363636, 0.231818, 0.140909, 0.0909091, 0.0636364, 0.0454545, 0.0363636, 0.0272727, 
240, 0.358333, 0.229167, 0.15, 0.0916667, 0.0625, 0.0458333, 0.0333333, 0.0291667, 
260, 0.35, 0.234615, 0.146154, 0.1, 0.0615385, 0.0461538, 0.0346154, 0.0269231, 
280, 0.342857, 0.232143, 0.153571, 0.0964286, 0.0678571, 0.0464286, 0.0321429, 0.0285714, 
300, 0.336667, 0.23, 0.153333, 0.103333, 0.0666667, 0.0466667, 0.0366667, 0.0266667, 
320, 0.328125, 0.23125, 0.15625, 0.103125, 0.06875, 0.05, 0.034375, 0.028125, 
340, 0.323529, 0.226471, 0.158824, 0.105882, 0.0705882, 0.05, 0.0352941, 0.0294118, 
360, 0.316667, 0.227778, 0.155556, 0.108333, 0.075, 0.05, 0.0361111, 0.0305556, 
380, 0.310526, 0.223684, 0.160526, 0.107895, 0.0763158, 0.0526316, 0.0368421, 0.0315789, 
400, 0.305, 0.2225, 0.1575, 0.1125, 0.0775, 0.0525, 0.04, 0.0325, 
420, 0.3, 0.219048, 0.159524, 0.111905, 0.0785714, 0.0571429, 0.0404762, 0.0333333, 
440, 0.293182, 0.220455, 0.156818, 0.113636, 0.0818182, 0.0568182, 0.0431818, 0.0340909, 
460, 0.28913, 0.215217, 0.16087, 0.113043, 0.0826087, 0.0586957, 0.0434783, 0.0369565, 
480, 0.283333, 0.216667, 0.15625, 0.116667, 0.0833333, 0.0604167, 0.0458333, 0.0375, 
500, 0.28, 0.212, 0.16, 0.114, 0.086, 0.062, 0.046, 0.04, 
520, 0.275, 0.211538, 0.157692, 0.117308, 0.0846154, 0.0634615, 0.05, 0.0403846, 
540, 0.272222, 0.207407, 0.159259, 0.116667, 0.087037, 0.0648148, 0.05, 0.0425926, 
560, 0.267857, 0.207143, 0.157143, 0.117857, 0.0875, 0.0660714, 0.0517857, 0.0446429, 
580, 0.263793, 0.205172, 0.156897, 0.118966, 0.087931, 0.0672414, 0.0534483, 0.0465517, 
600, 0.26, 0.203333, 0.156667, 0.118333, 0.09, 0.0683333, 0.055, 0.0483333, 
620, 0.256452, 0.201613, 0.156452, 0.119355, 0.0903226, 0.0693548, 0.0564516, 0.05, 
640, 0.253125, 0.2, 0.15625, 0.11875, 0.0921875, 0.0703125, 0.0578125, 0.0515625, 
660, 0.25, 0.198485, 0.154545, 0.121212, 0.0909091, 0.0727273, 0.0590909, 0.0530303, 
680, 0.247059, 0.197059, 0.154412, 0.119118, 0.0941176, 0.0735294, 0.0602941, 0.0544118, 
700, 0.244286, 0.195714, 0.152857, 0.121429, 0.0928571, 0.0757143, 0.0614286, 0.0557143, 
720, 0.241667, 0.193056, 0.154167, 0.119444, 0.0958333, 0.075, 0.0638889, 0.0569444, 
740, 0.239189, 0.191892, 0.152703, 0.121622, 0.0945946, 0.077027, 0.0648649, 0.0581081, 
760, 0.236842, 0.190789, 0.152632, 0.119737, 0.0973684, 0.0776316, 0.0657895, 0.0592105, 
780, 0.234615, 0.189744, 0.151282, 0.121795, 0.0961538, 0.0794872, 0.0666667, 0.0602564, 
800, 0.2325, 0.1875, 0.1525, 0.12, 0.09875, 0.07875, 0.06875, 0.06125, 
820, 0.229268, 0.187805, 0.15, 0.123171, 0.0963415, 0.0817073, 0.0682927, 0.0634146, 
840, 0.227381, 0.185714, 0.15119, 0.120238, 0.1, 0.0809524, 0.0702381, 0.0642857, 
860, 0.225581, 0.184884, 0.148837, 0.123256, 0.0976744, 0.0837209, 0.0709302, 0.0651163, 
880, 0.223864, 0.182955, 0.15, 0.120455, 0.101136, 0.0829545, 0.0727273, 0.0659091, 
900, 0.221111, 0.183333, 0.147778, 0.123333, 0.0988889, 0.0855556, 0.0722222, 0.0677778, 
920, 0.219565, 0.180435, 0.15, 0.120652, 0.102174, 0.0836957, 0.075, 0.0684783, 
940, 0.217021, 0.180851, 0.147872, 0.123404, 0.1, 0.0861702, 0.0744681, 0.0702128, 
960, 0.215625, 0.179167, 0.148958, 0.120833, 0.103125, 0.0854167, 0.0760417, 0.0708333, 
980, 0.214286, 0.178571, 0.146939, 0.123469, 0.10102, 0.0877551, 0.0765306, 0.0714286, 
1000, 0.213, 0.177, 0.148, 0.121, 0.104, 0.087, 0.078, 0.072, 
1020, 0.210784, 0.177451, 0.146078, 0.123529, 0.101961, 0.0892157, 0.077451, 0.0735294, 
1040, 0.209615, 0.175, 0.148077, 0.121154, 0.104808, 0.0875, 0.0798077, 0.0740385, 
1060, 0.207547, 0.175472, 0.145283, 0.124528, 0.101887, 0.090566, 0.0792453, 0.0754717, 
1080, 0.206481, 0.173148, 0.147222, 0.121296, 0.105556, 0.0888889, 0.0814815, 0.0759259, 
1100, 0.204545, 0.173636, 0.144545, 0.124545, 0.102727, 0.0918182, 0.0809091, 0.0772727, 
1120, 0.203571, 0.171429, 0.146429, 0.121429, 0.10625, 0.0901786, 0.0830357, 0.0776786, 
1140, 0.201754, 0.17193, 0.14386, 0.124561, 0.103509, 0.0929825, 0.0824561, 0.0789474, 
1160, 0.200862, 0.169828, 0.14569, 0.121552, 0.106897, 0.0913793, 0.0844828, 0.0793103, 
1180, 0.199153, 0.170339, 0.14322, 0.124576, 0.104237, 0.0940678, 0.0838983, 0.0805085, 
1200, 0.198333, 0.168333, 0.145, 0.121667, 0.1075, 0.0925, 0.0858333, 0.0808333, 
1220, 0.196721, 0.168852, 0.142623, 0.12459, 0.104918, 0.095082, 0.0852459, 0.0819672, 
1240, 0.195968, 0.166935, 0.144355, 0.121774, 0.108065, 0.0935484, 0.0870968, 0.0822581, 
1260, 0.194444, 0.16746, 0.142063, 0.124603, 0.105556, 0.0960317, 0.0865079, 0.0833333, 
1280, 0.19375, 0.165625, 0.14375, 0.121875, 0.108594, 0.0945313, 0.0882813, 0.0835937, 
1300, 0.192308, 0.166154, 0.141538, 0.124615, 0.106154, 0.0969231, 0.0876923, 0.0846154, 
1320, 0.191667, 0.164394, 0.143182, 0.12197, 0.109091, 0.0954545, 0.0893939, 0.0848485, 
1340, 0.190299, 0.164925, 0.141045, 0.124627, 0.106716, 0.0977612, 0.088806, 0.0858209, 
1360, 0.189706, 0.163235, 0.142647, 0.122059, 0.109559, 0.0963235, 0.0904412, 0.0860294, 
1380, 0.188406, 0.163768, 0.14058, 0.124638, 0.107246, 0.0985507, 0.0898551, 0.0869565, 
1400, 0.187857, 0.162143, 0.142143, 0.122143, 0.11, 0.0971429, 0.0914286, 0.0871429, 
1420, 0.18662, 0.162676, 0.140141, 0.124648, 0.107746, 0.0992958, 0.0908451, 0.0880282, 
1440, 0.186111, 0.161111, 0.141667, 0.122222, 0.110417, 0.0979167, 0.0923611, 0.0881944, 
1460, 0.184932, 0.161644, 0.139726, 0.124658, 0.108219, 0.1, 0.0917808, 0.0890411, 
1480, 0.184459, 0.160135, 0.141216, 0.122297, 0.110811, 0.0986486, 0.0932432, 0.0891892, 
1500, 0.183333, 0.160667, 0.139333, 0.124667, 0.108667, 0.100667, 0.0926667, 0.09, 
1520, 0.182895, 0.159211, 0.140789, 0.122368, 0.111184, 0.0993421, 0.094079, 0.0901316, 
1540, 0.181818, 0.15974, 0.138961, 0.124675, 0.109091, 0.101299, 0.0935065, 0.0909091, 
1560, 0.18141, 0.158333, 0.140385, 0.122436, 0.111538, 0.1, 0.0948718, 0.0910256, 
1580, 0.18038, 0.158861, 0.138608, 0.124684, 0.109494, 0.101899, 0.0943038, 0.0917722, 
1600, 0.18, 0.1575, 0.14, 0.1225, 0.111875, 0.100625, 0.095625, 0.091875, 
1620, 0.179012, 0.158025, 0.138272, 0.124691, 0.109877, 0.102469, 0.0950617, 0.0925926, 
1640, 0.178659, 0.156707, 0.139634, 0.122561, 0.112195, 0.10122, 0.0963415, 0.0926829, 
1660, 0.177711, 0.157229, 0.137952, 0.124699, 0.110241, 0.103012, 0.0957831, 0.0933735, 
1680, 0.177381, 0.155952, 0.139286, 0.122619, 0.1125, 0.101786, 0.0970238, 0.0934524, 
1700, 0.176471, 0.156471, 0.137647, 0.124706, 0.110588, 0.103529, 0.0964706, 0.0941176, 
1720, 0.176163, 0.155233, 0.138953, 0.122674, 0.112791, 0.102326, 0.0976744, 0.094186, 
1740, 0.175287, 0.155747, 0.137356, 0.124713, 0.11092, 0.104023, 0.0971264, 0.0948276, 
1760, 0.175, 0.154545, 0.138636, 0.122727, 0.113068, 0.102841, 0.0982955, 0.0948864, 
1780, 0.174157, 0.155056, 0.137079, 0.124719, 0.111236, 0.104494, 0.0977528, 0.0955056, 
1800, 0.173889, 0.153889, 0.138333, 0.122778, 0.113333, 0.103333, 0.0988889, 0.0955556, 
1820, 0.173077, 0.154396, 0.136813, 0.124725, 0.111538, 0.104945, 0.0983516, 0.0961538, 
1840, 0.172826, 0.153261, 0.138043, 0.122826, 0.113587, 0.103804, 0.0994565, 0.0961957, 
1860, 0.172043, 0.153763, 0.136559, 0.124731, 0.111828, 0.105376, 0.0989247, 0.0967742, 
1880, 0.171809, 0.15266, 0.137766, 0.122872, 0.11383, 0.104255, 0.1, 0.0968085, 
1900, 0.171053, 0.153158, 0.136316, 0.124737, 0.112105, 0.105789, 0.0994737, 0.0973684, 
1920, 0.170833, 0.152083, 0.1375, 0.122917, 0.114063, 0.104687, 0.100521, 0.0973958, 
1940, 0.170103, 0.152577, 0.136082, 0.124742, 0.112371, 0.106186, 0.1, 0.0979381, 
1960, 0.169898, 0.151531, 0.137245, 0.122959, 0.114286, 0.105102, 0.10102, 0.0979592, 
1980, 0.169192, 0.15202, 0.135859, 0.124747, 0.112626, 0.106566, 0.100505, 0.0984849, 
2000, 0.169, 0.151, 0.137, 0.123, 0.1145, 0.1055, 0.1015, 0.0985, 
2020, 0.168317, 0.151485, 0.135644, 0.124752, 0.112871, 0.106931, 0.10099, 0.0990099, 
2040, 0.168137, 0.15049, 0.136765, 0.123039, 0.114706, 0.105882, 0.101961, 0.0990196, 
2060, 0.167476, 0.150971, 0.135437, 0.124757, 0.113107, 0.107282, 0.101456, 0.0995146, 
2080, 0.167308, 0.15, 0.136538, 0.123077, 0.114904, 0.10625, 0.102404, 0.0995192, 
2100, 0.166667, 0.150476, 0.135238, 0.124762, 0.113333, 0.107619, 0.101905, 0.1, 
2120, 0.166509, 0.149528, 0.136321, 0.123113, 0.115094, 0.106604, 0.10283, 0.1, 
2140, 0.165888, 0.15, 0.135047, 0.124766, 0.113551, 0.107944, 0.102336, 0.100467, 
2160, 0.165741, 0.149074, 0.136111, 0.123148, 0.115278, 0.106944, 0.103241, 0.100463, 
2180, 0.165138, 0.149541, 0.134862, 0.124771, 0.113761, 0.108257, 0.102752, 0.100917, 
2200, 0.165, 0.148636, 0.135909, 0.123182, 0.115455, 0.107273, 0.103636, 0.100909, 
2220, 0.164414, 0.149099, 0.134685, 0.124775, 0.113964, 0.108559, 0.103153, 0.101351, 
2240, 0.164286, 0.148214, 0.135714, 0.123214, 0.115625, 0.107589, 0.104018, 0.101339, 
2260, 0.163717, 0.148673, 0.134513, 0.124779, 0.114159, 0.10885, 0.10354, 0.10177, 
2280, 0.163596, 0.147807, 0.135526, 0.123246, 0.115789, 0.107895, 0.104386, 0.101754, 
2300, 0.163043, 0.148261, 0.134348, 0.124783, 0.114348, 0.10913, 0.103913, 0.102174, 
2320, 0.162931, 0.147414, 0.135345, 0.123276, 0.115948, 0.10819, 0.104741, 0.102155, 
2340, 0.162393, 0.147863, 0.134188, 0.124786, 0.11453, 0.109402, 0.104274, 0.102564, 
2360, 0.162288, 0.147034, 0.135169, 0.123305, 0.116102, 0.108475, 0.105085, 0.102542, 
2380, 0.161765, 0.147479, 0.134034, 0.12479, 0.114706, 0.109664, 0.104622, 0.102941, 
2400, 0.161667, 0.146667, 0.135, 0.123333, 0.11625, 0.10875, 0.105417, 0.102917, 
2420, 0.161157, 0.147107, 0.133884, 0.124793, 0.114876, 0.109917, 0.104959, 0.103306, 
2440, 0.161066, 0.146311, 0.134836, 0.123361, 0.116393, 0.109016, 0.105738, 0.103279, 
2460, 0.160569, 0.146748, 0.13374, 0.124797, 0.115041, 0.110163, 0.105285, 0.103659, 
2480, 0.160484, 0.145968, 0.134677, 0.123387, 0.116532, 0.109274, 0.106048, 0.103629, 
2500, 0.16, 0.1464, 0.1336, 0.1248, 0.1152, 0.1104, 0.1056, 0.104, 
2520, 0.159921, 0.145635, 0.134524, 0.123413, 0.116667, 0.109524, 0.106349, 0.103968, 
2540, 0.159449, 0.146063, 0.133465, 0.124803, 0.115354, 0.11063, 0.105906, 0.104331, 
2560, 0.159375, 0.145313, 0.134375, 0.123438, 0.116797, 0.109766, 0.106641, 0.104297, 
2580, 0.158915, 0.145736, 0.133333, 0.124806, 0.115504, 0.110853, 0.106202, 0.104651, 
2600, 0.158846, 0.145, 0.134231, 0.123462, 0.116923, 0.11, 0.106923, 0.104615, 
2620, 0.158397, 0.14542, 0.133206, 0.124809, 0.115649, 0.111069, 0.106489, 0.104962, 
2640, 0.158333, 0.144697, 0.134091, 0.123485, 0.117045, 0.110227, 0.107197, 0.104924, 
2660, 0.157895, 0.145113, 0.133083, 0.124812, 0.115789, 0.111278, 0.106767, 0.105263, 
2680, 0.157836, 0.144403, 0.133955, 0.123507, 0.117164, 0.110448, 0.107463, 0.105224, 
2700, 0.157407, 0.144815, 0.132963, 0.124815, 0.115926, 0.111481, 0.107037, 0.105556, 
2720, 0.157353, 0.144118, 0.133824, 0.123529, 0.117279, 0.110662, 0.107721, 0.105515, 
2740, 0.156934, 0.144526, 0.132847, 0.124818, 0.116058, 0.111679, 0.107299, 0.105839, 
2760, 0.156884, 0.143841, 0.133696, 0.123551, 0.117391, 0.11087, 0.107971, 0.105797, 
2780, 0.156475, 0.144245, 0.132734, 0.12482, 0.116187, 0.111871, 0.107554, 0.106115, 
2800, 0.156429, 0.143571, 0.133571, 0.123571, 0.1175, 0.111071, 0.108214, 0.106071, 
2820, 0.156028, 0.143972, 0.132624, 0.124823, 0.116312, 0.112057, 0.107801, 0.106383, 
2840, 0.155986, 0.14331, 0.133451, 0.123592, 0.117606, 0.111268, 0.108451, 0.106338, 
2860, 0.155594, 0.143706, 0.132517, 0.124825, 0.116434, 0.112238, 0.108042, 0.106643, 
2880, 0.155556, 0.143056, 0.133333, 0.123611, 0.117708, 0.111458, 0.108681, 0.106597, 
2900, 0.155172, 0.143448, 0.132414, 0.124828, 0.116552, 0.112414, 0.108276, 0.106897, 
2920, 0.155137, 0.142808, 0.133219, 0.12363, 0.117808, 0.111644, 0.108904, 0.106849, 
2940, 0.154762, 0.143197, 0.132313, 0.12483, 0.116667, 0.112585, 0.108503, 0.107143, 
2960, 0.15473, 0.142568, 0.133108, 0.123649, 0.117905, 0.111824, 0.109122, 0.107095, 
2980, 0.154362, 0.142953, 0.132215, 0.124832, 0.116779, 0.112752, 0.108725, 0.107383, 
3000, 0.154333, 0.142333, 0.133, 0.123667, 0.118, 0.112, 0.109333, 0.107333, 
3020, 0.153974, 0.142715, 0.132119, 0.124834, 0.116887, 0.112914, 0.10894, 0.107616, 
3040, 0.153947, 0.142105, 0.132895, 0.123684, 0.118092, 0.112171, 0.109539, 0.107566, 
3060, 0.153595, 0.142484, 0.132026, 0.124837, 0.116993, 0.113072, 0.10915, 0.107843, 
3080, 0.153571, 0.141883, 0.132792, 0.123701, 0.118182, 0.112338, 0.10974, 0.107792, 
3100, 0.153226, 0.142258, 0.131935, 0.124839, 0.117097, 0.113226, 0.109355, 0.108065, 
3120, 0.153205, 0.141667, 0.132692, 0.123718, 0.118269, 0.1125, 0.109936, 0.108013, 
3140, 0.152866, 0.142038, 0.131847, 0.124841, 0.117197, 0.113376, 0.109554, 0.10828, 
3160, 0.152848, 0.141456, 0.132595, 0.123734, 0.118354, 0.112658, 0.110127, 0.108228, 
3180, 0.152516, 0.141824, 0.131761, 0.124843, 0.117296, 0.113522, 0.109748, 0.108491, 
3200, 0.1525, 0.14125, 0.1325, 0.12375, 0.118437, 0.112812, 0.110312, 0.108438, 
3220, 0.152174, 0.141615, 0.131677, 0.124845, 0.117391, 0.113665, 0.109938, 0.108696, 
3240, 0.15216, 0.141049, 0.132407, 0.123765, 0.118519, 0.112963, 0.110494, 0.108642, 
3260, 0.15184, 0.141411, 0.131595, 0.124847, 0.117485, 0.113804, 0.110123, 0.108896, 
3280, 0.151829, 0.140854, 0.132317, 0.12378, 0.118598, 0.11311, 0.110671, 0.108841, 
3300, 0.151515, 0.141212, 0.131515, 0.124848, 0.117576, 0.113939, 0.110303, 0.109091, 
3320, 0.151506, 0.140663, 0.132229, 0.123795, 0.118675, 0.113253, 0.110843, 0.109036, 
3340, 0.151198, 0.141018, 0.131437, 0.12485, 0.117665, 0.114072, 0.110479, 0.109281, 
3360, 0.15119, 0.140476, 0.132143, 0.12381, 0.11875, 0.113393, 0.111012, 0.109226, 
3380, 0.150888, 0.140828, 0.131361, 0.124852, 0.117751, 0.114201, 0.110651, 0.109467, 
3400, 0.150882, 0.140294, 0.132059, 0.123824, 0.118824, 0.113529, 0.111176, 0.109412, 
3420, 0.150585, 0.140643, 0.131287, 0.124854, 0.117836, 0.114327, 0.110819, 0.109649, 
3440, 0.150581, 0.140116, 0.131977, 0.123837, 0.118895, 0.113663, 0.111337, 0.109593, 
3460, 0.150289, 0.140462, 0.131214, 0.124855, 0.117919, 0.114451, 0.110983, 0.109827, 
3480, 0.150287, 0.139943, 0.131897, 0.123851, 0.118966, 0.113793, 0.111494, 0.10977, 
3500, 0.15, 0.140286, 0.131143, 0.124857, 0.118, 0.114571, 0.111143, 0.11, 
3520, 0.15, 0.139773, 0.131818, 0.123864, 0.119034, 0.11392, 0.111648, 0.109943, 
3540, 0.149718, 0.140113, 0.131073, 0.124859, 0.118079, 0.114689, 0.111299, 0.110169, 
3560, 0.149719, 0.139607, 0.131742, 0.123876, 0.119101, 0.114045, 0.111798, 0.110112, 
3580, 0.149441, 0.139944, 0.131006, 0.12486, 0.118156, 0.114804, 0.111453, 0.110335, 
3600, 0.149444, 0.139444, 0.131667, 0.123889, 0.119167, 0.114167, 0.111944, 0.110278, 
3620, 0.149171, 0.139779, 0.130939, 0.124862, 0.118232, 0.114917, 0.111602, 0.110497, 
3640, 0.149176, 0.139286, 0.131593, 0.123901, 0.119231, 0.114286, 0.112088, 0.11044, 
3660, 0.148907, 0.139617, 0.130874, 0.124863, 0.118306, 0.115027, 0.111749, 0.110656, 
3680, 0.148913, 0.13913, 0.131522, 0.123913, 0.119293, 0.114402, 0.112228, 0.110598, 
3700, 0.148649, 0.139459, 0.130811, 0.124865, 0.118378, 0.115135, 0.111892, 0.110811, 
3720, 0.148656, 0.138978, 0.131452, 0.123925, 0.119355, 0.114516, 0.112366, 0.110753, 
3740, 0.148396, 0.139305, 0.130749, 0.124866, 0.118449, 0.115241, 0.112032, 0.110963, 
3760, 0.148404, 0.13883, 0.131383, 0.123936, 0.119415, 0.114628, 0.1125, 0.110904, 
3780, 0.148148, 0.139153, 0.130688, 0.124868, 0.118519, 0.115344, 0.112169, 0.111111, 
3800, 0.148158, 0.138684, 0.131316, 0.123947, 0.119474, 0.114737, 0.112632, 0.111053, 
3820, 0.147906, 0.139005, 0.130628, 0.124869, 0.118586, 0.115445, 0.112304, 0.111257, 
3840, 0.147917, 0.138542, 0.13125, 0.123958, 0.119531, 0.114844, 0.11276, 0.111198, 
3860, 0.147668, 0.13886, 0.13057, 0.12487, 0.118653, 0.115544, 0.112435, 0.111399, 
3880, 0.14768, 0.138402, 0.131186, 0.123969, 0.119588, 0.114948, 0.112887, 0.11134, 
3900, 0.147436, 0.138718, 0.130513, 0.124872, 0.118718, 0.115641, 0.112564, 0.111538, 
3920, 0.147449, 0.138265, 0.131122, 0.12398, 0.119643, 0.115051, 0.11301, 0.11148, 
3940, 0.147208, 0.138579, 0.130457, 0.124873, 0.118782, 0.115736, 0.11269, 0.111675, 
3960, 0.147222, 0.138131, 0.131061, 0.12399, 0.119697, 0.115152, 0.113131, 0.111616, 
3980, 0.146985, 0.138442, 0.130402, 0.124874, 0.118844, 0.115829, 0.112814, 0.111809, 
4000, 0.147, 0.138, 0.131, 0.124, 0.11975, 0.11525, 0.11325, 0.11175, 
4020, 0.146766, 0.138308, 0.130348, 0.124876, 0.118905, 0.11592, 0.112935, 0.11194, 
4040, 0.146782, 0.137871, 0.130941, 0.12401, 0.119802, 0.115347, 0.113366, 0.111881, 
4060, 0.146552, 0.138177, 0.130296, 0.124877, 0.118966, 0.11601, 0.113054, 0.112069, 
4080, 0.146569, 0.137745, 0.130882, 0.12402, 0.119853, 0.115441, 0.11348, 0.11201, 
4100, 0.146341, 0.138049, 0.130244, 0.124878, 0.119024, 0.116098, 0.113171, 0.112195, 
4120, 0.146359, 0.137621, 0.130825, 0.124029, 0.119903, 0.115534, 0.113592, 0.112136, 
4140, 0.146135, 0.137923, 0.130193, 0.124879, 0.119082, 0.116184, 0.113285, 0.112319, 
4160, 0.146154, 0.1375, 0.130769, 0.124038, 0.119952, 0.115625, 0.113702, 0.11226, 
4180, 0.145933, 0.137799, 0.130144, 0.12488, 0.119139, 0.116268, 0.113397, 0.11244, 
4200, 0.145952, 0.137381, 0.130714, 0.124048, 0.12, 0.115714, 0.11381, 0.112381, 
4220, 0.145735, 0.137678, 0.130095, 0.124882, 0.119194, 0.116351, 0.113507, 0.112559, 
4240, 0.145755, 0.137264, 0.13066, 0.124057, 0.120047, 0.115802, 0.113915, 0.1125, 
4260, 0.14554, 0.137559, 0.130047, 0.124883, 0.119249, 0.116432, 0.113615, 0.112676, 
4280, 0.145561, 0.13715, 0.130607, 0.124065, 0.120093, 0.115888, 0.114019, 0.112617, 
4300, 0.145349, 0.137442, 0.13, 0.124884, 0.119302, 0.116512, 0.113721, 0.112791, 
4320, 0.14537, 0.137037, 0.130556, 0.124074, 0.120139, 0.115972, 0.11412, 0.112731, 
4340, 0.145161, 0.137327, 0.129954, 0.124885, 0.119355, 0.11659, 0.113825, 0.112903, 
4360, 0.145183, 0.136927, 0.130505, 0.124083, 0.120183, 0.116055, 0.11422, 0.112844, 
4380, 0.144977, 0.137215, 0.129909, 0.124886, 0.119406, 0.116667, 0.113927, 0.113014, 
4400, 0.145, 0.136818, 0.130455, 0.124091, 0.120227, 0.116136, 0.114318, 0.112955, 
4420, 0.144796, 0.137104, 0.129864, 0.124887, 0.119457, 0.116742, 0.114027, 0.113122, 
4440, 0.14482, 0.136712, 0.130405, 0.124099, 0.12027, 0.116216, 0.114414, 0.113063, 
4460, 0.144619, 0.136996, 0.129821, 0.124888, 0.119507, 0.116816, 0.114126, 0.113229, 
4480, 0.144643, 0.136607, 0.130357, 0.124107, 0.120312, 0.116295, 0.114509, 0.11317, 
4500, 0.144444, 0.136889, 0.129778, 0.124889, 0.119556, 0.116889, 0.114222, 0.113333, 
4520, 0.144469, 0.136504, 0.13031, 0.124115, 0.120354, 0.116372, 0.114602, 0.113274, 
4540, 0.144273, 0.136784, 0.129736, 0.12489, 0.119604, 0.11696, 0.114317, 0.113436, 
4560, 0.144298, 0.136404, 0.130263, 0.124123, 0.120395, 0.116447, 0.114693, 0.113377, 
4580, 0.144105, 0.136681, 0.129694, 0.124891, 0.119651, 0.117031, 0.11441, 0.113537, 
4600, 0.14413, 0.136304, 0.130217, 0.12413, 0.120435, 0.116522, 0.114783, 0.113478, 
4620, 0.143939, 0.13658, 0.129654, 0.124892, 0.119697, 0.1171, 0.114502, 0.113636, 
4640, 0.143966, 0.136207, 0.130172, 0.124138, 0.120474, 0.116595, 0.114871, 0.113578, 
4660, 0.143777, 0.136481, 0.129614, 0.124893, 0.119742, 0.117167, 0.114592, 0.113734, 
4680, 0.143803, 0.136111, 0.130128, 0.124145, 0.120513, 0.116667, 0.114957, 0.113675, 
4700, 0.143617, 0.136383, 0.129574, 0.124894, 0.119787, 0.117234, 0.114681, 0.11383, 
4720, 0.143644, 0.136017, 0.130085, 0.124153, 0.120551, 0.116737, 0.115042, 0.113771, 
4740, 0.14346, 0.136287, 0.129536, 0.124895, 0.119831, 0.1173, 0.114768, 0.113924, 
4760, 0.143487, 0.135924, 0.130042, 0.12416, 0.120588, 0.116807, 0.115126, 0.113866, 
4780, 0.143305, 0.136192, 0.129498, 0.124895, 0.119874, 0.117364, 0.114854, 0.114017, 
4800, 0.143333, 0.135833, 0.13, 0.124167, 0.120625, 0.116875, 0.115208, 0.113958, 
4820, 0.143154, 0.1361, 0.129461, 0.124896, 0.119917, 0.117427, 0.114938, 0.114108, 
4840, 0.143182, 0.135744, 0.129959, 0.124174, 0.120661, 0.116942, 0.115289, 0.11405, 
4860, 0.143004, 0.136008, 0.129424, 0.124897, 0.119959, 0.11749, 0.115021, 0.114198, 
4880, 0.143033, 0.135656, 0.129918, 0.12418, 0.120697, 0.117008, 0.115369, 0.114139, 
4900, 0.142857, 0.135918, 0.129388, 0.124898, 0.12, 0.117551, 0.115102, 0.114286, 
4920, 0.142886, 0.135569, 0.129878, 0.124187, 0.120732, 0.117073, 0.115447, 0.114228, 
4940, 0.142713, 0.13583, 0.129352, 0.124899, 0.12004, 0.117611, 0.115182, 0.114372, 
4960, 0.142742, 0.135484, 0.129839, 0.124194, 0.120766, 0.117137, 0.115524, 0.114315, 
4980, 0.14257, 0.135743, 0.129317, 0.1249, 0.12008, 0.117671, 0.115261, 0.114458, 
5000, 0.1426, 0.1354, 0.1298, 0.1242, 0.1208, 0.1172, 0.1156, 0.1144, 
5020, 0.14243, 0.135657, 0.129283, 0.1249, 0.12012, 0.117729, 0.115339, 0.114542, 
5040, 0.14246, 0.135317, 0.129762, 0.124206, 0.120833, 0.117262, 0.115675, 0.114484, 
5060, 0.142292, 0.135573, 0.129249, 0.124901, 0.120158, 0.117787, 0.115415, 0.114625, 
5080, 0.142323, 0.135236, 0.129724, 0.124213, 0.120866, 0.117323, 0.115748, 0.114567, 
5100, 0.142157, 0.13549, 0.129216, 0.124902, 0.120196, 0.117843, 0.11549, 0.114706, 
5120, 0.142188, 0.135156, 0.129688, 0.124219, 0.120898, 0.117383, 0.11582, 0.114648, 
5140, 0.142023, 0.135409, 0.129183, 0.124903, 0.120233, 0.117899, 0.115564, 0.114786, 
5160, 0.142054, 0.135078, 0.129651, 0.124225, 0.12093, 0.117442, 0.115891, 0.114729, 
5180, 0.141892, 0.135328, 0.129151, 0.124903, 0.12027, 0.117954, 0.115637, 0.114865, 
5200, 0.141923, 0.135, 0.129615, 0.124231, 0.120962, 0.1175, 0.115962, 0.114808, 
5220, 0.141762, 0.135249, 0.129119, 0.124904, 0.120307, 0.118008, 0.115709, 0.114943, 
5240, 0.141794, 0.134924, 0.12958, 0.124237, 0.120992, 0.117557, 0.116031, 0.114885, 
5260, 0.141635, 0.135171, 0.129087, 0.124905, 0.120342, 0.118061, 0.115779, 0.115019, 
5280, 0.141667, 0.134848, 0.129545, 0.124242, 0.121023, 0.117614, 0.116098, 0.114962, 
5300, 0.141509, 0.135094, 0.129057, 0.124906, 0.120377, 0.118113, 0.115849, 0.115094, 
5320, 0.141541, 0.134774, 0.129511, 0.124248, 0.121053, 0.117669, 0.116165, 0.115038, 
5340, 0.141386, 0.135019, 0.129026, 0.124906, 0.120412, 0.118165, 0.115918, 0.115169, 
5360, 0.141418, 0.134701, 0.129478, 0.124254, 0.121082, 0.117724, 0.116231, 0.115112, 
5380, 0.141264, 0.134944, 0.128996, 0.124907, 0.120446, 0.118216, 0.115985, 0.115242, 
5400, 0.141296, 0.13463, 0.129444, 0.124259, 0.121111, 0.117778, 0.116296, 0.115185, 
5420, 0.141144, 0.134871, 0.128967, 0.124908, 0.12048, 0.118266, 0.116052, 0.115314, 
5440, 0.141176, 0.134559, 0.129412, 0.124265, 0.12114, 0.117831, 0.11636, 0.115257, 
5460, 0.141026, 0.134799, 0.128938, 0.124908, 0.120513, 0.118315, 0.116117, 0.115385, 
5480, 0.141058, 0.134489, 0.12938, 0.12427, 0.121168, 0.117883, 0.116423, 0.115328, 
5500, 0.140909, 0.134727, 0.128909, 0.124909, 0.120545, 0.118364, 0.116182, 0.115455, 
5520, 0.140942, 0.13442, 0.129348, 0.124275, 0.121196, 0.117935, 0.116486, 0.115399, 
5540, 0.140794, 0.134657, 0.128881, 0.12491, 0.120578, 0.118412, 0.116245, 0.115523, 
5560, 0.140827, 0.134353, 0.129317, 0.124281, 0.121223, 0.117986, 0.116547, 0.115468, 
5580, 0.140681, 0.134588, 0.128853, 0.12491, 0.120609, 0.118459, 0.116308, 0.115591, 
5600, 0.140714, 0.134286, 0.129286, 0.124286, 0.12125, 0.118036, 0.116607, 0.115536, 
5620, 0.140569, 0.13452, 0.128826, 0.124911, 0.120641, 0.118505, 0.11637, 0.115658, 
5640, 0.140603, 0.13422, 0.129255, 0.124291, 0.121277, 0.118085, 0.116667, 0.115603, 
5660, 0.140459, 0.134452, 0.128799, 0.124912, 0.120671, 0.118551, 0.116431, 0.115724, 
5680, 0.140493, 0.134155, 0.129225, 0.124296, 0.121303, 0.118134, 0.116725, 0.115669, 
5700, 0.140351, 0.134386, 0.128772, 0.124912, 0.120702, 0.118596, 0.116491, 0.115789, 
5720, 0.140385, 0.134091, 0.129196, 0.124301, 0.121329, 0.118182, 0.116783, 0.115734, 
5740, 0.140244, 0.134321, 0.128746, 0.124913, 0.120732, 0.118641, 0.116551, 0.115854, 
5760, 0.140278, 0.134028, 0.129167, 0.124306, 0.121354, 0.118229, 0.11684, 0.115799, 
5780, 0.140138, 0.134256, 0.12872, 0.124913, 0.120761, 0.118685, 0.116609, 0.115917, 
5800, 0.140172, 0.133966, 0.129138, 0.12431, 0.121379, 0.118276, 0.116897, 0.115862, 
5820, 0.140034, 0.134192, 0.128694, 0.124914, 0.12079, 0.118729, 0.116667, 0.115979, 
5840, 0.140068, 0.133904, 0.12911, 0.124315, 0.121404, 0.118322, 0.116952, 0.115925, 
5860, 0.139932, 0.13413, 0.128669, 0.124915, 0.120819, 0.118771, 0.116724, 0.116041, 
5880, 0.139966, 0.133844, 0.129082, 0.12432, 0.121429, 0.118367, 0.117007, 0.115986, 
5900, 0.139831, 0.134068, 0.128644, 0.124915, 0.120847, 0.118814, 0.11678, 0.116102, 
5920, 0.139865, 0.133784, 0.129054, 0.124324, 0.121453, 0.118412, 0.117061, 0.116047, 
5940, 0.139731, 0.134007, 0.12862, 0.124916, 0.120875, 0.118855, 0.116835, 0.116162, 
5960, 0.139765, 0.133725, 0.129027, 0.124329, 0.121477, 0.118456, 0.117114, 0.116107, 
5980, 0.139632, 0.133946, 0.128595, 0.124916, 0.120903, 0.118896, 0.11689, 0.116221, 
6000, 0.139667, 0.133667, 0.129, 0.124333, 0.1215, 0.1185, 0.117167, 0.116167, 
6020, 0.139535, 0.133887, 0.128571, 0.124917, 0.12093, 0.118937, 0.116944, 0.116279, 
6040, 0.13957, 0.133609, 0.128974, 0.124338, 0.121523, 0.118543, 0.117219, 0.116225, 
6060, 0.139439, 0.133828, 0.128548, 0.124917, 0.120957, 0.118977, 0.116997, 0.116337, 
6080, 0.139474, 0.133553, 0.128947, 0.124342, 0.121546, 0.118586, 0.11727, 0.116283, 
6100, 0.139344, 0.13377, 0.128525, 0.124918, 0.120984, 0.119016, 0.117049, 0.116393, 
6120, 0.139379, 0.133497, 0.128922, 0.124346, 0.121569, 0.118627, 0.11732, 0.11634, 
6140, 0.139251, 0.133713, 0.128502, 0.124919, 0.12101, 0.119055, 0.117101, 0.11645, 
6160, 0.139286, 0.133442, 0.128896, 0.124351, 0.121591, 0.118669, 0.11737, 0.116396, 
6180, 0.139159, 0.133657, 0.128479, 0.124919, 0.121036, 0.119094, 0.117152, 0.116505, 
6200, 0.139194, 0.133387, 0.128871, 0.124355, 0.121613, 0.11871, 0.117419, 0.116452, 
6220, 0.139068, 0.133601, 0.128457, 0.12492, 0.121061, 0.119132, 0.117203, 0.116559, 
6240, 0.139103, 0.133333, 0.128846, 0.124359, 0.121635, 0.11875, 0.117468, 0.116506, 
6260, 0.138978, 0.133546, 0.128435, 0.12492, 0.121086, 0.119169, 0.117252, 0.116613, 
6280, 0.139013, 0.13328, 0.128822, 0.124363, 0.121656, 0.11879, 0.117516, 0.116561, 
6300, 0.138889, 0.133492, 0.128413, 0.124921, 0.121111, 0.119206, 0.117302, 0.116667, 
6320, 0.138924, 0.133228, 0.128797, 0.124367, 0.121677, 0.118829, 0.117563, 0.116614, 
6340, 0.138801, 0.133438, 0.128391, 0.124921, 0.121136, 0.119243, 0.11735, 0.116719, 
6360, 0.138836, 0.133176, 0.128774, 0.124371, 0.121698, 0.118868, 0.11761, 0.116667, 
6380, 0.138715, 0.133386, 0.12837, 0.124922, 0.12116, 0.119279, 0.117398, 0.116771, 
6400, 0.13875, 0.133125, 0.12875, 0.124375, 0.121719, 0.118906, 0.117656, 0.116719, 
6420, 0.138629, 0.133333, 0.128349, 0.124922, 0.121184, 0.119315, 0.117445, 0.116822, 
6440, 0.138665, 0.133075, 0.128727, 0.124379, 0.121739, 0.118944, 0.117702, 0.11677, 
6460, 0.138545, 0.133282, 0.128328, 0.124923, 0.121207, 0.11935, 0.117492, 0.116873, 
6480, 0.13858, 0.133025, 0.128704, 0.124383, 0.121759, 0.118981, 0.117747, 0.116821, 
6500, 0.138462, 0.133231, 0.128308, 0.124923, 0.121231, 0.119385, 0.117538, 0.116923, 
6520, 0.138497, 0.132975, 0.128681, 0.124387, 0.121779, 0.119018, 0.117791, 0.116871, 
6540, 0.138379, 0.13318, 0.128287, 0.124924, 0.121254, 0.119419, 0.117584, 0.116972, 
6560, 0.138415, 0.132927, 0.128659, 0.12439, 0.121799, 0.119055, 0.117835, 0.116921, 
6580, 0.138298, 0.133131, 0.128267, 0.124924, 0.121277, 0.119453, 0.117629, 0.117021, 
6600, 0.138333, 0.132879, 0.128636, 0.124394, 0.121818, 0.119091, 0.117879, 0.11697, 
6620, 0.138218, 0.133082, 0.128248, 0.124924, 0.121299, 0.119486, 0.117674, 0.117069, 
6640, 0.138253, 0.132831, 0.128614, 0.124398, 0.121837, 0.119127, 0.117922, 0.117018, 
6660, 0.138138, 0.133033, 0.128228, 0.124925, 0.121321, 0.11952, 0.117718, 0.117117, 
6680, 0.138174, 0.132784, 0.128593, 0.124401, 0.121856, 0.119162, 0.117964, 0.117066, 
6700, 0.13806, 0.132985, 0.128209, 0.124925, 0.121343, 0.119552, 0.117761, 0.117164, 
6720, 0.138095, 0.132738, 0.128571, 0.124405, 0.121875, 0.119196, 0.118006, 0.117113, 
6740, 0.137982, 0.132938, 0.12819, 0.124926, 0.121365, 0.119585, 0.117804, 0.117211, 
6760, 0.138018, 0.132692, 0.12855, 0.124408, 0.121893, 0.119231, 0.118047, 0.11716, 
6780, 0.137906, 0.132891, 0.128171, 0.124926, 0.121386, 0.119617, 0.117847, 0.117257, 
6800, 0.137941, 0.132647, 0.128529, 0.124412, 0.121912, 0.119265, 0.118088, 0.117206, 
6820, 0.13783, 0.132845, 0.128152, 0.124927, 0.121408, 0.119648, 0.117889, 0.117302, 
6840, 0.137865, 0.132602, 0.128509, 0.124415, 0.12193, 0.119298, 0.118129, 0.117251, 
6860, 0.137755, 0.132799, 0.128134, 0.124927, 0.121429, 0.119679, 0.11793, 0.117347, 
6880, 0.137791, 0.132558, 0.128488, 0.124419, 0.121948, 0.119331, 0.118169, 0.117297, 
6900, 0.137681, 0.132754, 0.128116, 0.124928, 0.121449, 0.11971, 0.117971, 0.117391, 
6920, 0.137717, 0.132514, 0.128468, 0.124422, 0.121965, 0.119364, 0.118208, 0.117341, 
6940, 0.137608, 0.132709, 0.128098, 0.124928, 0.12147, 0.119741, 0.118012, 0.117435, 
6960, 0.137644, 0.132471, 0.128448, 0.124425, 0.121983, 0.119397, 0.118247, 0.117385, 
6980, 0.137536, 0.132665, 0.12808, 0.124928, 0.12149, 0.119771, 0.118052, 0.117479, 
7000, 0.137571, 0.132429, 0.128429, 0.124429, 0.122, 0.119429, 0.118286, 0.117429, 
7020, 0.137464, 0.132621, 0.128063, 0.124929, 0.12151, 0.119801, 0.118091, 0.117521, 
7040, 0.1375, 0.132386, 0.128409, 0.124432, 0.122017, 0.11946, 0.118324, 0.117472, 
7060, 0.137394, 0.132578, 0.128045, 0.124929, 0.12153, 0.11983, 0.11813, 0.117564, 
7080, 0.137429, 0.132345, 0.12839, 0.124435, 0.122034, 0.119492, 0.118362, 0.117514, 
7100, 0.137324, 0.132535, 0.128028, 0.12493, 0.121549, 0.119859, 0.118169, 0.117606, 
7120, 0.13736, 0.132303, 0.128371, 0.124438, 0.122051, 0.119522, 0.118399, 0.117556, 
7140, 0.137255, 0.132493, 0.128011, 0.12493, 0.121569, 0.119888, 0.118207, 0.117647, 
7160, 0.137291, 0.132263, 0.128352, 0.124441, 0.122067, 0.119553, 0.118436, 0.117598, 
7180, 0.137187, 0.132451, 0.127994, 0.12493, 0.121588, 0.119916, 0.118245, 0.117688, 
7200, 0.137222, 0.132222, 0.128333, 0.124444, 0.122083, 0.119583, 0.118472, 0.117639, 
7220, 0.137119, 0.13241, 0.127978, 0.124931, 0.121607, 0.119945, 0.118283, 0.117729, 
7240, 0.137155, 0.132182, 0.128315, 0.124448, 0.122099, 0.119613, 0.118508, 0.11768, 
7260, 0.137052, 0.132369, 0.127961, 0.124931, 0.121625, 0.119972, 0.11832, 0.117769, 
7280, 0.137088, 0.132143, 0.128297, 0.124451, 0.122115, 0.119643, 0.118544, 0.11772, 
7300, 0.136986, 0.132329, 0.127945, 0.124932, 0.121644, 0.12, 0.118356, 0.117808, 
7320, 0.137022, 0.132104, 0.128279, 0.124454, 0.122131, 0.119672, 0.118579, 0.11776, 
7340, 0.136921, 0.132289, 0.127929, 0.124932, 0.121662, 0.120027, 0.118392, 0.117847, 
7360, 0.136957, 0.132065, 0.128261, 0.124457, 0.122147, 0.119701, 0.118614, 0.117799, 
7380, 0.136856, 0.132249, 0.127913, 0.124932, 0.12168, 0.120054, 0.118428, 0.117886, 
7400, 0.136892, 0.132027, 0.128243, 0.124459, 0.122162, 0.11973, 0.118649, 0.117838, 
7420, 0.136792, 0.13221, 0.127898, 0.124933, 0.121698, 0.120081, 0.118464, 0.117925, 
7440, 0.136828, 0.131989, 0.128226, 0.124462, 0.122177, 0.119758, 0.118683, 0.117876, 
7460, 0.136729, 0.132172, 0.127882, 0.124933, 0.121716, 0.120107, 0.118499, 0.117962, 
7480, 0.136765, 0.131952, 0.128209, 0.124465, 0.122193, 0.119786, 0.118717, 0.117914, 
7500, 0.136667, 0.132133, 0.127867, 0.124933, 0.121733, 0.120133, 0.118533, 0.118, 
7520, 0.136702, 0.131915, 0.128191, 0.124468, 0.122207, 0.119814, 0.11875, 0.117952, 
7540, 0.136605, 0.132095, 0.127851, 0.124934, 0.121751, 0.120159, 0.118568, 0.118037, 
7560, 0.13664, 0.131878, 0.128175, 0.124471, 0.122222, 0.119841, 0.118783, 0.117989, 
7580, 0.136544, 0.132058, 0.127836, 0.124934, 0.121768, 0.120185, 0.118602, 0.118074, 
7600, 0.136579, 0.131842, 0.128158, 0.124474, 0.122237, 0.119868, 0.118816, 0.118026, 
7620, 0.136483, 0.132021, 0.127822, 0.124934, 0.121785, 0.12021, 0.118635, 0.11811, 
7640, 0.136518, 0.131806, 0.128141, 0.124476, 0.122251, 0.119895, 0.118848, 0.118063, 
7660, 0.136423, 0.131984, 0.127807, 0.124935, 0.121802, 0.120235, 0.118668, 0.118146, 
7680, 0.136458, 0.131771, 0.128125, 0.124479, 0.122266, 0.119922, 0.11888, 0.118099, 
7700, 0.136364, 0.131948, 0.127792, 0.124935, 0.121818, 0.12026, 0.118701, 0.118182, 
7720, 0.136399, 0.131736, 0.128109, 0.124482, 0.12228, 0.119948, 0.118912, 0.118135, 
7740, 0.136305, 0.131912, 0.127778, 0.124935, 0.121835, 0.120284, 0.118734, 0.118217, 
7760, 0.13634, 0.131701, 0.128093, 0.124485, 0.122294, 0.119974, 0.118943, 0.11817, 
7780, 0.136247, 0.131877, 0.127763, 0.124936, 0.121851, 0.120308, 0.118766, 0.118252, 
7800, 0.136282, 0.131667, 0.128077, 0.124487, 0.122308, 0.12, 0.118974, 0.118205, 
7820, 0.136189, 0.131841, 0.127749, 0.124936, 0.121867, 0.120332, 0.118798, 0.118286, 
7840, 0.136224, 0.131633, 0.128061, 0.12449, 0.122321, 0.120026, 0.119005, 0.11824, 
7860, 0.136132, 0.131807, 0.127735, 0.124936, 0.121883, 0.120356, 0.11883, 0.118321, 
7880, 0.136168, 0.131599, 0.128046, 0.124492, 0.122335, 0.120051, 0.119036, 0.118274, 
7900, 0.136076, 0.131772, 0.127722, 0.124937, 0.121899, 0.12038, 0.118861, 0.118354, 
7920, 0.136111, 0.131566, 0.12803, 0.124495, 0.122348, 0.120076, 0.119066, 0.118308, 
7940, 0.13602, 0.131738, 0.127708, 0.124937, 0.121914, 0.120403, 0.118892, 0.118388, 
7960, 0.136055, 0.131533, 0.128015, 0.124497, 0.122362, 0.120101, 0.119095, 0.118342, 
7980, 0.135965, 0.131704, 0.127694, 0.124937, 0.12193, 0.120426, 0.118922, 0.118421, 
8000, 0.136, 0.1315, 0.128, 0.1245, 0.122375, 0.120125, 0.119125, 0.118375, 
8020, 0.13591, 0.131671, 0.127681, 0.124938, 0.121945, 0.120449, 0.118953, 0.118454, 
8040, 0.135945, 0.131468, 0.127985, 0.124502, 0.122388, 0.120149, 0.119154, 0.118408, 
8060, 0.135856, 0.131638, 0.127667, 0.124938, 0.12196, 0.120471, 0.118983, 0.118486, 
8080, 0.135891, 0.131436, 0.12797, 0.124505, 0.122401, 0.120173, 0.119183, 0.118441, 
8100, 0.135802, 0.131605, 0.127654, 0.124938, 0.121975, 0.120494, 0.119012, 0.118519, 
8120, 0.135837, 0.131404, 0.127956, 0.124507, 0.122414, 0.120197, 0.119212, 0.118473, 
8140, 0.135749, 0.131572, 0.127641, 0.124939, 0.12199, 0.120516, 0.119042, 0.11855, 
8160, 0.135784, 0.131373, 0.127941, 0.12451, 0.122426, 0.120221, 0.11924, 0.118505, 
8180, 0.135697, 0.13154, 0.127628, 0.124939, 0.122005, 0.120538, 0.119071, 0.118582, 
8200, 0.135732, 0.131341, 0.127927, 0.124512, 0.122439, 0.120244, 0.119268, 0.118537, 
8220, 0.135645, 0.131509, 0.127616, 0.124939, 0.122019, 0.12056, 0.1191, 0.118613, 
8240, 0.13568, 0.131311, 0.127913, 0.124515, 0.122451, 0.120267, 0.119296, 0.118568, 
8260, 0.135593, 0.131477, 0.127603, 0.124939, 0.122034, 0.120581, 0.119128, 0.118644, 
8280, 0.135628, 0.13128, 0.127899, 0.124517, 0.122464, 0.12029, 0.119324, 0.118599, 
8300, 0.135542, 0.131446, 0.12759, 0.12494, 0.122048, 0.120602, 0.119157, 0.118675, 
8320, 0.135577, 0.13125, 0.127885, 0.124519, 0.122476, 0.120312, 0.119351, 0.11863, 
8340, 0.135492, 0.131415, 0.127578, 0.12494, 0.122062, 0.120623, 0.119185, 0.118705, 
8360, 0.135526, 0.13122, 0.127871, 0.124522, 0.122488, 0.120335, 0.119378, 0.11866, 
8380, 0.135442, 0.131384, 0.127566, 0.12494, 0.122076, 0.120644, 0.119212, 0.118735, 
8400, 0.135476, 0.13119, 0.127857, 0.124524, 0.1225, 0.120357, 0.119405, 0.11869, 
8420, 0.135392, 0.131354, 0.127553, 0.124941, 0.12209, 0.120665, 0.11924, 0.118765, 
8440, 0.135427, 0.131161, 0.127844, 0.124526, 0.122512, 0.120379, 0.119431, 0.11872, 
8460, 0.135343, 0.131324, 0.127541, 0.124941, 0.122104, 0.120686, 0.119267, 0.118794, 
8480, 0.135377, 0.131132, 0.12783, 0.124528, 0.122524, 0.120401, 0.119458, 0.11875, 
8500, 0.135294, 0.131294, 0.127529, 0.124941, 0.122118, 0.120706, 0.119294, 0.118824, 
8520, 0.135329, 0.131103, 0.127817, 0.124531, 0.122535, 0.120423, 0.119484, 0.118779, 
8540, 0.135246, 0.131265, 0.127518, 0.124941, 0.122131, 0.120726, 0.119321, 0.118852, 
8560, 0.13528, 0.131075, 0.127804, 0.124533, 0.122547, 0.120444, 0.119509, 0.118808, 
8580, 0.135198, 0.131235, 0.127506, 0.124942, 0.122145, 0.120746, 0.119347, 0.118881, 
8600, 0.135233, 0.131047, 0.127791, 0.124535, 0.122558, 0.120465, 0.119535, 0.118837, 
8620, 0.135151, 0.131206, 0.127494, 0.124942, 0.122158, 0.120766, 0.119374, 0.11891, 
8640, 0.135185, 0.131019, 0.127778, 0.124537, 0.122569, 0.120486, 0.11956, 0.118866, 
8660, 0.135104, 0.131178, 0.127483, 0.124942, 0.122171, 0.120785, 0.1194, 0.118938, 
8680, 0.135138, 0.130991, 0.127765, 0.124539, 0.122581, 0.120507, 0.119585, 0.118894, 
8700, 0.135057, 0.131149, 0.127471, 0.124943, 0.122184, 0.120805, 0.119425, 0.118966, 
8720, 0.135092, 0.130963, 0.127752, 0.124541, 0.122592, 0.120528, 0.11961, 0.118922, 
8740, 0.135011, 0.131121, 0.12746, 0.124943, 0.122197, 0.120824, 0.119451, 0.118993, 
8760, 0.135046, 0.130936, 0.12774, 0.124543, 0.122603, 0.120548, 0.119635, 0.11895, 
8780, 0.134966, 0.131093, 0.127449, 0.124943, 0.12221, 0.120843, 0.119476, 0.11902, 
8800, 0.135, 0.130909, 0.127727, 0.124545, 0.122614, 0.120568, 0.119659, 0.118977, 
8820, 0.134921, 0.131066, 0.127438, 0.124943, 0.122222, 0.120862, 0.119501, 0.119048, 
8840, 0.134955, 0.130882, 0.127715, 0.124548, 0.122624, 0.120588, 0.119683, 0.119005, 
8860, 0.134876, 0.131038, 0.127427, 0.124944, 0.122235, 0.12088, 0.119526, 0.119074, 
8880, 0.13491, 0.130856, 0.127703, 0.12455, 0.122635, 0.120608, 0.119707, 0.119032, 
8900, 0.134831, 0.131011, 0.127416, 0.124944, 0.122247, 0.120899, 0.119551, 0.119101, 
8920, 0.134865, 0.13083, 0.127691, 0.124552, 0.122646, 0.120628, 0.119731, 0.119058, 
8940, 0.134787, 0.130984, 0.127405, 0.124944, 0.12226, 0.120917, 0.119575, 0.119128, 
8960, 0.134821, 0.130804, 0.127679, 0.124554, 0.122656, 0.120647, 0.119754, 0.119085, 
8980, 0.134744, 0.130958, 0.127394, 0.124944, 0.122272, 0.120935, 0.119599, 0.119154, 
9000, 0.134778, 0.130778, 0.127667, 0.124556, 0.122667, 0.120667, 0.119778, 0.119111, 
9020, 0.134701, 0.130931, 0.127384, 0.124945, 0.122284, 0.120953, 0.119623, 0.11918, 
9040, 0.134735, 0.130752, 0.127655, 0.124558, 0.122677, 0.120686, 0.119801, 0.119137, 
9060, 0.134658, 0.130905, 0.127373, 0.124945, 0.122296, 0.120971, 0.119647, 0.119205, 
9080, 0.134692, 0.130727, 0.127643, 0.124559, 0.122687, 0.120705, 0.119824, 0.119163, 
9100, 0.134615, 0.130879, 0.127363, 0.124945, 0.122308, 0.120989, 0.11967, 0.119231, 
9120, 0.134649, 0.130702, 0.127632, 0.124561, 0.122697, 0.120724, 0.119846, 0.119189, 
9140, 0.134573, 0.130853, 0.127352, 0.124945, 0.122319, 0.121007, 0.119694, 0.119256, 
9160, 0.134607, 0.130677, 0.12762, 0.124563, 0.122707, 0.120742, 0.119869, 0.119214, 
9180, 0.134532, 0.130828, 0.127342, 0.124946, 0.122331, 0.121024, 0.119717, 0.119281, 
9200, 0.134565, 0.130652, 0.127609, 0.124565, 0.122717, 0.120761, 0.119891, 0.119239, 
9220, 0.13449, 0.130803, 0.127332, 0.124946, 0.122343, 0.121041, 0.11974, 0.119306, 
9240, 0.134524, 0.130628, 0.127597, 0.124567, 0.122727, 0.120779, 0.119913, 0.119264, 
9260, 0.134449, 0.130778, 0.127322, 0.124946, 0.122354, 0.121058, 0.119762, 0.11933, 
9280, 0.134483, 0.130603, 0.127586, 0.124569, 0.122737, 0.120797, 0.119935, 0.119289, 
9300, 0.134409, 0.130753, 0.127312, 0.124946, 0.122366, 0.121075, 0.119785, 0.119355, 
9320, 0.134442, 0.130579, 0.127575, 0.124571, 0.122747, 0.120815, 0.119957, 0.119313, 
9340, 0.134368, 0.130728, 0.127302, 0.124946, 0.122377, 0.121092, 0.119807, 0.119379, 
9360, 0.134402, 0.130556, 0.127564, 0.124573, 0.122756, 0.120833, 0.119979, 0.119338, 
